n = 60
(1+lambda)-EA:    74469      193248     1000000    3984       930        175549     248579     143492     27306      204618     142863     119665     377067     82         330        25274      165231     1165       83395      22354      176827     440482     618132     1000000    213261     57         4846       1420       749972     1000000    1407       83727      1129       1000000    976355     81562      10365      69192      232678     203502     11629      524        10681      705612     1956       559441     82939      1000000    170604     
(1,lambda)-EA:    76         92         179        117        76         107        76         137        37         21         78         159        65         48         31         88         40         104        45         61         21         127        346        69         46         498        62         100        67         52         49         45         76         80         101        82         56         50         91         53         240        110        67         40         163        161        61         87         54         

n = 70
(1+lambda)-EA:    1000000    1000000    1000000    1000000    1000000    17649      47121      106        413022     22219      96727      274747     53225      1000000    4268       1000000    165838     18940      3766       1000000    1000000    30348      1000000    276313     1000000    34973      175786     9066       795        48         1000000    68         51137      623172     1000000    1000000    237538     945491     1000000    15368      53         308374     92460      1000000    3483       1000000    1000000    1000000    1000000    
(1,lambda)-EA:    50         49         144        61         60         64         42         23         143        137        84         46         160        242        69         20         58         154        39         72         126        99         472        54         31         55         311        259        119        76         150        60         117        97         110        105        71         175        128        132        114        120        84         158        96         94         103        66         154        

n = 80
(1+lambda)-EA:    209440     139276     1000000    1000000    322089     1000000    573        200030     1000000    1000000    64652      18083      1000000    225361     249324     1000000    1000000    1000000    171249     18314      103630     42410      1000000    1000000    44         70         56         1000000    1000000    241841     708        1000000    1000000    24503      1000000    1000000    73357      1000000    1000000    1000000    1000000    1000000    1000000    203741     1000000    1000000    112073     103683     41         
(1,lambda)-EA:    260        140        87         104        79         30         91         145        175        98         42         116        161        56         92         130        108        80         204        179        157        322        115        66         141        104        69         155        151        52         79         155        94         121        31         193        130        96         224        343        87         45         443        57         76         96         130        104        55         

n = 90
(1+lambda)-EA:    1000000    1000000    1000000    951635     1000000    1000000    1000000    1000000    443888     1000000    220350     1000000    1000000    1000000    1000000    1000000    1000000    1000000    396488     1000000    562260     1000000    922600     1000000    1000000    1000000    1000000    1000000    356762     1000000    1000000    908985     1000000    1000000    1000000    1000000    6124       1000000    1000000    1000000    753893     1000000    89507      474882     64         1000000    9484       1000000    1000000    
(1,lambda)-EA:    212        114        64         110        68         176        229        498        237        178        28         105        191        149        268        246        288        118        225        99         204        277        103        391        344        156        51         40         142        173        165        107        97         243        88         365        148        94         95         119        66         92         135        81         125        142        51         81         270        

n = 100
(1+lambda)-EA:    1000000    1000000    1000000    1000000    1000000    1000000    1000000    1000000    1000000    393845     1000000    5006       1000000    1000000    141        1000000    1000000    1000000    1000000    1000000    254900     1000000    1000000    1000000    1000000    1000000    1000000    174023     1000000    8820       1000000    1000000    1000000    1000000    1000000    1000000    1000000    710606     1000000    1000000    1000000    1000000    1000000    1000000    1000000    1000000    2664       1000000    1000000    
(1,lambda)-EA:    323        196        545        75         165        167        91         97         155        168        376        75         157        102        79         217        261        108        459        182        397        131        240        196        244        94         217        107        244        159        91         166        76         272        111        284        66         119        153        75         70         80         89         943        102        164        309        135        254        

n = 110
(1+lambda)-EA:    1000000    1000000    1000000    1000000    1000000    1000000    1000000    1000000    1000000    1000000    1000000    1000000    1000000    1000000    1000000    1000000    1000000    1000000    1000000    1000000    1000000    1000000    1000000    1000000    1000000    1000000    1000000    1000000    21071      1000000    1000000    1000000    1000000    1000000    1000000    1000000    1000000    1000000    58457      1000000    1000000    1000000    1000000    1000000    1000000    1000000    1000000    1000000    1000000    
(1,lambda)-EA:    748        1665       341        292        412        749        297        631        142        213        537        110        410        355        83         284        249        260        375        533        371        317        238        665        107        330        287        120        467        353        218        285        123        206        216        181        244        736        391        177        154        305        102        104        676        218        389        108        175        

n = 120
(1+lambda)-EA:    1943       1000000    1000000    1000000    1000000    1000000    1000000    1000000    1000000    1000000    1000000    1000000    1000000    1000000    1000000    1000000    1000000    1000000    1000000    1000000    1000000    1000000    1000000    95869      1000000    1000000    535580     1000000    1000000    1000000    1000000    529052     1000000    1000000    1000000    1000000    1000000    1000000    318471     1000000    1000000    1000000    1000000    1000000    1000000    1000000    1000000    1000000    1000000    
(1,lambda)-EA:    418        820        387        178        419        685        106        199        229        76         785        308        266        260        230        292        197        263        152        368        92         435        393        444        181        769        708        739        447        762        239        80         90         1547       211        403        190        551        308        179        296        144        121        655        376        351        481        297        255        

n = 130
(1+lambda)-EA:    1000000    1000000    1000000    1000000    1000000    1000000    1000000    19815      1000000    1000000    1000000    1000000    1000000    1000000    1000000    1000000    1000000    1000000    1000000    1000000    1000000    1000000    1000000    1000000    53545      1000000    1000000    1000000    1000000    1000000    1000000    1000000    1000000    1000000    1000000    1000000    1000000    1000000    1000000    1000000    6533       1000000    1000000    1000000    1000000    1000000    1000000    1000000    1000000    
(1,lambda)-EA:    360        731        823        425        551        588        274        1044       346        326        938        1306       257        781        454        215        68         127        125        189        203        138        1095       759        255        702        275        373        204        1038       914        420        425        83         311        914        840        770        88         183        288        263        120        605        1030       117        116        544        170        

n = 140
(1+lambda)-EA:    1000000    1000000    1000000    1000000    1000000    1000000    1000000    1000000    1000000    1000000    1000000    1000000    1000000    1000000    1000000    1000000    1000000    1000000    1000000    1000000    1000000    1000000    1000000    1000000    1000000    1000000    1000000    1000000    1000000    1000000    1000000    1000000    1000000    1000000    1000000    1000000    1000000    1000000    1000000    1000000    1000000    1000000    1000000    1000000    1000000    1000000    1000000    1000000    1000000    
(1,lambda)-EA:    545        654        512        181        556        1275       129        2041       566        850        1104       274        263        699        1269       218        590        717        238        126        553        232        903        235        1120       397        175        285        2554       1178       248        3720       96         685        141        408        201        1279       1076       1041       765        1095       3918       127        687        565        1254       805        338        

n = 150
(1+lambda)-EA:    1000000    1000000    1000000    85072      1000000    1000000    1000000    1000000    1000000    1000000    1000000    1000000    1000000    1000000    1000000    1000000    1000000    1000000    1000000    1000000    1000000    1000000    1000000    1000000    1000000    1000000    1000000    1000000    1000000    1000000    1000000    1000000    1000000    1000000    1000000    1000000    1000000    1000000    1000000    1000000    1000000    1000000    1000000    1000000    1000000    1000000    1000000    620        1000000    
(1,lambda)-EA:    184        218        123        309        1499       1160       860        255        1332       741        208        682        1118       3986       1754       421        395        639        1266       1989       112        216        1733       432        503        337        484        693        1280       2477       217        589        263        610        945        1102       941        688        653        1545       911        728        378        864        518        850        794        213        561        

n = 160
(1+lambda)-EA:    1000000    1000000    1000000    1000000    1000000    1000000    1000000    1000000    1000000    1000000    1000000    1000000    1000000    1000000    1000000    1000000    1000000    1000000    1000000    1000000    1000000    1000000    1000000    1000000    1000000    1000000    1000000    1000000    1000000    1000000    1000000    1000000    1000000    1000000    1000000    1000000    1000000    1000000    1000000    1000000    1000000    1000000    1000000    1000000    1000000    1000000    1000000    1000000    1000000    
(1,lambda)-EA:    870        1536       128        409        702        257        251        3123       1005       439        643        2121       379        429        216        500        310        239        1289       261        428        189        1803       1729       254        2198       964        749        608        1137       420        319        2610       226        171        356        529        2181       436        210        1089       495        157        1231       462        1422       3690       2027       570        

n = 170
(1+lambda)-EA:    1000000    1000000    1000000    1000000    1000000    1000000    1000000    1000000    1000000    1000000    1000000    1000000    1000000    1000000    1000000    1000000    1000000    1000000    1000000    1000000    1000000    1000000    1000000    1000000    1000000    1000000    1000000    1000000    1000000    1000000    1000000    1000000    1000000    1000000    1000000    1000000    1000000    1000000    1000000    1000000    1000000    1000000    1000000    1000000    1000000    1000000    1000000    1000000    1000000    
(1,lambda)-EA:    144        686        675        1990       1220       533        1312       3767       284        998        565        1085       383        184        685        591        1087       748        1080       129        1376       429        2327       3032       2626       1280       418        1417       206        418        1111       169        560        1212       308        384        340        2927       537        803        668        247        294        1031       173        116        474        184        3506       

n = 180
(1+lambda)-EA:    1000000    1000000    1000000    1000000    1000000    1000000    1000000    1000000    1000000    1000000    1000000    1000000    1000000    1000000    1000000    1000000    1000000    1000000    1000000    1000000    1000000    1000000    1000000    1000000    1000000    1000000    1000000    1000000    1000000    1000000    1000000    1000000    1000000    1000000    1000000    1000000    1000000    1000000    1000000    1000000    1000000    1000000    1000000    1000000    1000000    1000000    1000000    1000000    1000000    
(1,lambda)-EA:    1208       529        644        714        4151       882        623        3776       7015       784        3126       1713       669        3827       2775       1638       340        135        748        925        2234       2386       1099       3717       2853       617        3977       1610       1114       2482       1438       1058       611        6106       1097       1397       650        314        1128       1637       1041       353        2788       1914       596        1356       2164       1996       2893       

n = 190
(1+lambda)-EA:    1000000    1000000    1000000    1000000    286791     1000000    1000000    1000000    1000000    1000000    1000000    1000000    1000000    1000000    1000000    1000000    1000000    1000000    1000000    1000000    1000000    1000000    1000000    1000000    1000000    1000000    1000000    1000000    1000000    1000000    1000000    1000000    1000000    1000000    1000000    1000000    1000000    1000000    1000000    1000000    1000000    1000000    1000000    1000000    1000000    1000000    1000000    1000000    1000000    
(1,lambda)-EA:    4707       1424       326        568        386        696        510        3086       676        425        6504       1190       919        225        1104       2404       2794       8395       1410       1962       727        6571       2972       852        6278       2026       1558       259        214        227        1784       632        1465       918        3011       3293       853        4475       2205       2022       1458       755        8095       229        463        182        2771       2969       1008       

n = 200
(1+lambda)-EA:    1000000    1000000    1000000    1000000    1000000    1000000    1000000    1000000    1000000    1000000    1000000    1000000    1000000    1000000    1000000    1000000    1000000    1000000    1000000    1000000    1000000    1000000    1000000    1000000    1000000    1000000    1000000    1000000    1000000    1000000    1000000    1000000    1000000    1000000    1000000    1000000    1000000    1000000    1000000    1000000    1000000    1000000    1000000    1000000    1000000    1000000    1000000    1000000    1000000    
(1,lambda)-EA:    5256       894        4483       2185       255        1770       11233      1067       905        6567       1472       956        1055       6994       569        1637       4591       4512       1028       19796      727        4305       5388       1150       4709       10546      712        1909       1645       731        2688       10125      7810       3319       1442       3035       446        2485       1036       4221       887        444        1754       10085      11866      4157       5391       3970       889        

