n = 60
(1+lambda)-EA:    30         1576       178673     34         3813       1352       19         63         104        42099      24         115964     4513       268        865        200        56         12625      125        47120      601        31         13089      51         1569       81         220        39         2725       1431       174        49         5853       253545     10270      3726       321        9207       425        8162       9554       309        1633       8059       832        70         403        165        537        
(1,lambda)-EA:    32         366        25         75         674        106        622        193        117        358        85         99         429        180        194        481        405        206        189        433        285        981        60         646        122        104        103        289        89         49         337        319        1375       289        609        164        681        90         1649       376        767        476        320        220        106        85         46         43         169        

n = 70
(1+lambda)-EA:    64454      4788       512366     20828      36885      20941      17437      1146       53         2758       4333       44846      3655       134        167        491        894001     11224      8387       120        135814     187        181        128748     10164      58         478652     508        241505     1081       10374      321        11811      435        6560       80         10767      330        55         365        59         137613     241        82         87889      50642      49         5561       4596       
(1,lambda)-EA:    331        571        65         1839       405        45         819        169        184        238        1306       245        269        77         371        679        212        457        221        918        424        890        237        471        709        630        515        848        214        602        134        750        358        385        35         226        929        279        279        945        229        152        107        491        120        1421       437        79         334        

n = 80
(1+lambda)-EA:    4152       184223     86         28290      1000000    4327       19986      11758      807        384323     45456      89         483337     161699     89         56191      316        49455      729721     21797      3200       4625       147595     24         65         452        5420       1000000    3681       1201       1000000    174        111283     126306     1000000    173710     677178     1000000    12433      258659     3103       213        159006     3276       195003     658        79556      765324     75141      
(1,lambda)-EA:    131        210        648        638        248        589        87         65         838        805        361        1517       196        450        1711       184        312        1079       470        227        361        487        453        318        555        549        2502       80         346        155        401        158        663        480        561        410        111        158        56         416        1262       1594       217        703        128        710        1343       635        165        

n = 90
(1+lambda)-EA:    62582      12993      42         324828     417        1000000    994028     52947      1000000    754165     401191     4252       14506      468287     1000000    1000000    400477     1362       1000000    1000000    145502     3142       86492      72         1000000    442701     46131      49         378904     93358      1000000    1000000    45         941018     36877      289        95         1000000    22550      271685     12732      1311       186        130518     460966     720389     405833     3097       99511      
(1,lambda)-EA:    318        169        440        260        1682       87         176        831        3948       191        2057       1648       516        530        159        2429       529        616        709        1493       1159       196        804        614        2457       1253       797        81         736        736        1115       167        1294       454        35         110        106        113        215        687        2073       115        283        157        329        4470       1276       1145       72         

n = 100
(1+lambda)-EA:    1000000    2598       67         1000000    1000000    36502      1000000    1000000    1000000    1000000    1000000    279037     225865     1103       175031     1000000    225762     1000000    25677      370656     247        1000000    1000000    10333      1000000    684843     284327     1031       43763      200        716098     1388       55         4553       118044     2218       1000000    161        1000000    170827     1000000    3517       1000000    1000000    1000000    1000000    1000000    401357     12650      
(1,lambda)-EA:    1322       760        1313       2683       2965       964        2021       1169       1422       782        96         98         1445       2832       3236       2059       1582       485        520        3773       953        834        1082       9630       937        2827       1255       2563       2504       203        102        2576       518        1144       498        150        470        272        2317       1357       505        591        86         943        2086       2772       283        59         3488       

n = 110
(1+lambda)-EA:    1000000    1000000    1000000    5056       1000000    680        1000000    1000000    1000000    225885     122        1000000    1000000    51618      602475     1000000    249994     694576     191077     406479     1000000    545        1000000    1000000    1000000    1000000    113        1000000    1000000    78351      155        1000000    1000000    760090     55         1000000    802145     1000000    1000000    1000000    5525       1000000    1000000    1000000    1000000    1000000    1000000    164        523514     
(1,lambda)-EA:    3286       1250       6055       1056       1110       1901       1289       2412       305        2716       298        401        2460       1234       1802       158        3408       7174       204        1687       710        7394       10721      1409       2287       3077       1967       886        115        5464       4637       1502       859        4972       4841       1605       97         3084       12994      3163       821        1864       8067       460        3597       2209       1697       1481       1649       

n = 120
(1+lambda)-EA:    1000000    344974     1000000    1000000    1000000    1000000    1000000    1000000    1000000    1000000    1000000    188356     1000000    1000000    1000000    1000000    1000000    1000000    215660     1000000    12956      168777     1000000    1000000    1000000    1000000    550037     1000000    2144       883917     1000000    1000000    1000000    1515       194800     1000000    1000000    1000000    1000000    1000000    1000000    81637      1000000    1000000    1000000    1809       1000000    279        31270      
(1,lambda)-EA:    1709       6453       2245       3213       9756       8280       7653       10993      1061       1193       2908       4908       7980       2051       2267       2039       1258       3351       7324       1253       3015       11059      4168       13611      2627       6953       2076       6768       2240       2063       406        9485       2673       16592      8972       2919       4390       2018       512        1946       935        3663       7189       1429       13893      3040       15646      6105       7185       

n = 130
(1+lambda)-EA:    11874      1000000    319372     1000000    1000000    1000000    1000000    1000000    1000000    1000000    1000000    1000000    14322      1000000    1000000    1000000    1000000    1000000    508515     112039     1000000    1000000    26891      1000000    1000000    1000000    1000000    1000000    1000000    1000000    1000000    147        1000000    1000000    5238       286        128316     1000000    1000000    1000000    493        1000000    1000000    1000000    1000000    1000000    1000000    1000000    226288     
(1,lambda)-EA:    6643       14258      15533      216        3754       4083       892        7505       18214      24675      3593       1039       2080       9683       5161       9124       2943       7639       235        850        7142       40704      297        11490      17361      2415       32248      14466      2851       587        2799       2555       2190       4343       12181      8446       2255       8478       2791       4957       3628       109        5970       445        17381      16212      877        36765      19531      

n = 140
(1+lambda)-EA:    1000000    1000000    983697     87077      190397     1000000    1000000    1000000    58963      1000000    1000000    1000000    1000000    1000000    1000000    1000000    203        594670     1000000    1000000    1000000    1000000    1000000    56372      1000000    1000000    1000000    1000000    306436     1000000    1000000    169920     1000000    1000000    1000000    1000000    1000000    1000000    1000000    1000000    1000000    1000000    1000000    30800      1000000    1000000    1000000    6501       1000000    
(1,lambda)-EA:    4836       4274       42724      2792       334        4820       17902      6639       2859       15497      704        35391      40487      6490       942        3708       10166      28792      854        4462       21068      2898       22015      2998       4414       943        34883      35308      60027      24794      10692      3036       4404       15421      2584       6309       12271      16398      50033      20047      2967       3115       14862      11253      4763       754        73268      33614      19184      

n = 150
(1+lambda)-EA:    1000000    1000000    1000000    1000000    1000000    1000000    8845       1000000    1000000    1000000    1000000    1000000    1000000    1000000    1000000    591735     1000000    1000000    709959     1000000    1000000    1000000    1000000    1000000    1000000    1000000    1000000    1000000    1000000    1000000    1000000    346090     190733     1000000    392878     4518       1000000    1000000    651159     1000000    1000000    1000000    1000000    1000000    80625      1000000    1000000    1000000    1000000    
(1,lambda)-EA:    6285       11804      1730       39340      14661      20055      7559       10993      13324      17168      12203      17908      4348       4906       15186      38067      20080      2015       13901      21245      5966       2128       18306      10731      24714      16613      18450      29586      3614       21233      2323       38829      29468      35862      7945       67071      7703       28583      6646       9294       6178       58053      13788      7320       24126      5156       17466      3052       4243       

n = 160
(1+lambda)-EA:    1000000    1000000    1000000    1000000    26361      1000000    1000000    1000000    1000000    4412       1000000    1000000    1000000    1000000    1000000    1000000    1000000    1000000    1000000    1000000    1000000    1000000    1000000    1000000    1000000    1000000    1000000    1000000    1000000    137643     1000000    1000000    1000000    1000000    1000000    1000000    1000000    1000000    1000000    1000000    1000000    1000000    1000000    1000000    1000000    1000000    1000000    1000000    1000000    
(1,lambda)-EA:    15788      5993       6056       31137      3049       17469      2321       36734      35030      22280      33753      7960       1652       4284       8924       12070      4871       11684      12468      22551      58424      8807       17417      1044       12346      25043      22803      9911       58751      5365       6704       11897      26716      13338      79632      22252      5391       15705      96467      9991       15033      4197       1341       3699       10266      7477       3063       14874      21929      

n = 170
(1+lambda)-EA:    1000000    1000000    1000000    1000000    1000000    1000000    1000000    1000000    1000000    1000000    1000000    1000000    1000000    1000000    1000000    1000000    1000000    1000000    1000000    1000000    1000000    1000000    127557     821413     1000000    755966     1000000    1000000    1000000    1000000    1000000    1000000    1000000    1000000    1000000    1000000    1000000    1000000    1000000    1000000    1000000    95389      1000000    1000000    1000000    1000000    1000000    1000000    89487      
(1,lambda)-EA:    14939      5058       6288       5854       27834      3375       56652      1119       12386      35942      3516       62545      106900     8721       7234       10773      23842      18308      82190      3486       82133      45772      19743      39436      6493       128815     7818       6063       13973      3842       18564      69714      93695      18222      348        21647      994        22698      32726      230592     28071      108054     35943      2042       34482      22188      25607      16443      22170      

n = 180
(1+lambda)-EA:    1000000    1000000    1000000    1000000    1000000    1000000    1000000    1000000    1000000    1000000    1000000    1000000    1000000    1000000    1000000    1000000    1000000    1000000    794753     1000000    1000000    1000000    171772     1000000    1000000    1000000    410        1000000    1000000    1000000    1000000    1000000    1000000    1000000    1000000    1000000    1000000    1000000    1000000    1000000    1000000    1000000    1000000    1000000    1000000    1000000    1000000    1000000    1000000    
(1,lambda)-EA:    65974      22859      36858      45010      47160      2736       135423     22993      24909      14657      73393      17320      54797      173732     8556       16613      24238      97944      23135      20994      6219       2537       182580     4184       15419      30856      26167      7705       10845      218466     24610      87755      58079      90756      151176     47719      16965      195286     54496      55417      3197       2379       43029      13311      11312      137284     15485      54694      37160      

n = 190
(1+lambda)-EA:    1000000    1000000    1000000    1000000    1000000    1000000    1000000    1000000    1000000    48196      1000000    1000000    1000000    1000000    1000000    1000000    1000000    1000000    1000000    1000000    1000000    1000000    1000000    1000000    1000000    1000000    1000000    1000000    1000000    1000000    1000000    1000000    1000000    1000000    1000000    1000000    1000000    1000000    28257      1000000    1000000    1000000    1000000    1000000    1000000    293749     1000000    1000000    1000000    
(1,lambda)-EA:    61199      4673       3297       68731      30804      155297     34557      80991      146560     9635       196957     185851     50120      4601       10718      35662      43123      69385      53290      21958      85983      5273       53941      77535      90566      202284     95337      70854      7781       113066     79922      224516     11915      587391     9348       12291      122473     58869      204145     49660      39999      22877      69536      230687     72302      11111      16674      162745     270983     

n = 200
(1+lambda)-EA:    1000000    1000000    1000000    1000000    1000000    1000000    1000000    1000000    1000000    1000000    1000000    1000000    1000000    1000000    1000000    1000000    1000000    1000000    1000000    1000000    1000000    1000000    1000000    1000000    1000000    1000000    1000000    1000000    1000000    1000000    1000000    1000000    1000000    1000000    1000000    1000000    1000000    1000000    1000000    1000000    1000000    1000000    1000000    1000000    1000000    1000000    1000000    1000000    1000000    
(1,lambda)-EA:    56302      530590     66174      151863     244364     57535      32538      207516     8966       76386      93090      39837      2501       12482      34599      116892     111003     167246     327690     390783     104332     29583      135122     63988      98845      144786     418704     197327     97984      65679      458663     163783     22757      87441      143721     849732     89596      34589      89119      259909     65465      194334     4843       345435     55340      20330      377311     52321      51600      

