n = 60
(1+lambda)-EA:    5137       1809       443        48642      382        7155       4176       67983      151        763        263111     2060       49797      525009     4062       41         1359       114547     398        2875       822393     36         3548       48         7532       2275       240022     14663      64041      38541      443        4874       9195       19029      346        91108      40689      1928       146201     74         16896      482        84083      37759      39534      9355       250893     1112       49683      
(1,lambda)-EA:    23         136        65         253        68         147        117        164        71         81         40         94         64         96         151        54         54         59         180        109        213        53         55         56         135        82         42         102        134        30         167        96         72         166        48         115        101        55         67         144        105        38         48         51         55         125        94         42         153        

n = 70
(1+lambda)-EA:    33080      8758       495176     1000000    36181      1000000    16072      4680       53         6739       422        120        224        1078       162573     1000000    244486     324580     1000000    705578     2219       2514       365025     17152      2698       13770      3970       138474     638148     4937       16546      5066       227060     33922      903        36206      1000000    26724      1000000    85         35128      152047     10458      6429       2943       289195     680        649        119        
(1,lambda)-EA:    372        68         92         168        360        371        59         456        61         486        499        99         174        117        252        122        177        110        42         97         118        338        138        500        149        186        328        115        53         269        224        37         57         128        62         77         39         85         232        100        57         234        132        219        307        150        344        92         273        

n = 80
(1+lambda)-EA:    1000000    8940       67018      133629     997436     31144      1000000    895        264        684059     6985       1000000    1000000    914723     1979       10401      191        14533      1000000    1000000    1000000    869447     4224       144435     1000000    89287      1000000    69883      44184      1000000    1000000    344        906737     451882     781475     66         8278       127873     37873      58553      2056       840727     253859     875        22392      273062     45322      437366     478835     
(1,lambda)-EA:    129        53         103        220        204        40         470        90         49         165        44         325        105        108        91         113        157        133        149        62         122        230        170        142        284        140        34         128        111        39         155        115        29         122        168        93         72         309        61         344        202        37         102        68         196        87         63         143        114        

n = 90
(1+lambda)-EA:    1000000    1000000    1000000    1000000    1000000    1000000    1000000    19533      1000000    1000000    4934       471        751        1000000    542770     1000000    351367     1000000    459538     1000000    1000000    1000000    1000000    1000000    1000000    634573     1000000    620363     1000000    619509     815        1000000    1000000    1000000    1000000    28302      1000000    21698      94715      1214       11859      1000000    2694       12189      1000000    93144      1000000    1000000    1000000    
(1,lambda)-EA:    296        250        204        135        154        84         151        135        180        445        95         160        359        366        58         80         40         84         171        420        414        79         125        502        207        94         86         55         117        333        237        69         111        90         217        91         261        53         141        138        475        94         69         358        281        152        203        186        184        

n = 100
(1+lambda)-EA:    20919      1000000    1000000    1000000    1000000    1000000    1000000    1000000    1000000    1000000    1000000    1000000    1000000    1000000    1000000    1000000    1000000    708225     1000000    1000000    1000000    1000000    7832       1000000    1000000    1000000    1000000    102334     1000000    2756       1000000    1000000    1000000    293        1000000    528943     8303       1000000    451262     58391      473754     1000000    615144     6682       1000000    1000000    1000000    1000000    1000000    
(1,lambda)-EA:    258        374        60         78         119        126        45         472        704        73         276        120        106        441        114        191        125        140        139        710        307        85         186        296        105        150        92         85         244        520        661        87         489        134        164        243        241        401        738        120        445        392        286        207        183        233        248        125        222        

n = 110
(1+lambda)-EA:    33967      1000000    1000000    1000000    235721     1000000    458566     1000000    1000000    1000000    1000000    1000000    472955     1000000    376        1000000    1000000    50131      1000000    1000000    1000000    1000000    1000000    1000000    378851     1000000    1000000    1000000    1000000    1000000    1000000    1000000    332        1000000    1000000    134930     1000000    1000000    1000000    2173       1000000    1000000    1000000    1000000    1000000    2322       1000000    1000000    1000000    
(1,lambda)-EA:    167        314        210        777        311        788        351        162        331        175        239        325        200        138        365        432        262        814        290        479        126        685        920        162        122        134        243        331        1643       353        110        137        528        297        246        164        68         153        659        301        478        678        218        150        386        452        284        527        454        

n = 120
(1+lambda)-EA:    982428     69156      1000000    1000000    70375      64618      1000000    1000000    23863      1000000    1000000    1000000    340688     1000000    2508       1000000    1000000    1000000    1000000    1000000    1000000    1000000    1000000    1000000    1000000    662        1000000    1000000    1000000    1000000    1000000    1000000    1000000    1000000    1000000    1000000    1000000    565891     64         836612     1000000    1000000    313989     1000000    1000000    1000000    1622       1000000    1000000    
(1,lambda)-EA:    233        1219       1844       859        270        251        241        662        845        777        1052       169        645        117        1003       449        1655       207        1372       1526       597        138        304        1167       114        108        134        875        955        276        562        243        124        652        190        1217       361        677        511        393        396        69         113        494        292        549        642        258        908        

n = 130
(1+lambda)-EA:    1000000    1000000    1000000    24438      137731     1000000    1000000    937598     1000000    1000000    1000000    156        1000000    1000000    1000000    1000000    1000000    1000000    1000000    747748     1000000    1000000    1000000    1000000    1000000    145493     1000000    1000000    1000000    1000000    1000000    1000000    1000000    1000000    1000000    1000000    1000000    1000000    1000000    1000000    1000000    1000000    1000000    1000000    134        1000000    1000000    1000000    1000000    
(1,lambda)-EA:    945        543        491        2108       755        223        278        785        131        2291       118        507        2201       1063       147        846        137        268        1643       74         382        1784       181        70         495        1506       3021       638        1218       798        286        187        440        1109       1779       1059       647        427        229        1594       1205       290        657        2788       282        143        377        412        266        

n = 140
(1+lambda)-EA:    1000000    1000000    1000000    1000000    1000000    1000000    1000000    1000000    1000000    1000000    1000000    1000000    1000000    1000000    1000000    286791     1000000    3840       1000000    1000000    1000000    1000000    658        1000000    1000000    1000000    1000000    1000000    1000000    1000000    1000000    1000000    1000000    1000000    1000000    1000000    1000000    1000000    1000000    1000000    368032     1000000    1000000    1000000    1000000    1000000    1000000    1000000    1000000    
(1,lambda)-EA:    2642       100        3423       111        1902       196        66         1044       477        1403       2945       1623       180        666        2382       601        409        389        2617       2339       1636       2335       1916       741        1397       266        1208       701        4682       1004       175        1115       894        243        1626       4012       2166       1293       112        3285       610        782        779        843        899        862        175        244        1321       

n = 150
(1+lambda)-EA:    1000000    1000000    1000000    1000000    1000000    1000000    1000000    1000000    1000000    1000000    1000000    1000000    1000000    1000000    1000000    1000000    1000000    1000000    1000000    1000000    1000000    1000000    1000000    126102     1000000    1000000    1000000    1000000    1000000    1000000    1000000    1000000    1000000    1000000    1000000    1000000    1000000    1000000    1000000    1000000    1000000    1000000    1000000    1000000    1000000    1000000    1000000    110708     1000000    
(1,lambda)-EA:    1097       475        2834       819        256        660        126        2249       410        193        589        836        950        116        1536       165        367        463        370        394        400        632        1478       667        159        1888       1111       528        599        593        1159       2752       1559       647        754        618        1094       437        621        130        915        258        658        1264       526        78         1617       1302       1195       

n = 160
(1+lambda)-EA:    1000000    1000000    1000000    1000000    1000000    1000000    1000000    1000000    1000000    1000000    1000000    1000000    1000000    1000000    1000000    1000000    1000000    1000000    1000000    1000000    1000000    1000000    1000000    1000000    1000000    1000000    1000000    1000000    1000000    1000000    1000000    1000000    1000000    1000000    1000000    1000000    1000000    1000000    1000000    1000000    1000000    1000000    1000000    1000000    1000000    1000000    1000000    1000000    1000000    
(1,lambda)-EA:    624        1937       506        138        249        543        1863       3397       331        969        292        286        1555       1579       977        3570       1163       166        1532       4897       1411       1086       1868       348        2561       1298       1394       331        1482       1402       3176       818        107        766        790        1390       382        1224       1815       2746       3544       1454       880        544        849        149        7494       519        4927       

n = 170
(1+lambda)-EA:    1000000    1000000    1000000    1000000    1000000    1000000    1000000    1000000    1000000    1000000    1000000    1000000    1000000    1000000    1000000    1000000    1000000    1000000    1000000    1000000    1000000    1000000    1000000    1000000    1000000    1000000    1000000    1000000    1000000    1000000    1000000    1000000    1000000    1000000    1000000    1000000    1000000    1000000    1000000    1000000    1000000    1000000    1000000    1000000    1000000    1000000    1000000    1000000    1000000    
(1,lambda)-EA:    1591       2609       878        753        1337       2788       2682       932        697        316        303        434        5277       4538       5293       125        1491       255        3098       369        4516       1595       784        407        1182       3199       4468       1663       791        130        540        1276       3009       221        1891       3438       854        8513       2211       1543       118        405        429        312        1193       771        219        1211       113        

n = 180
(1+lambda)-EA:    1000000    1000000    1000000    1000000    1000000    1000000    1000000    1000000    1000000    1000000    1000000    1000000    1000000    1000000    1000000    1000000    1000000    1000000    1000000    1000000    1000000    1000000    1000000    1000000    1000000    1000000    1000000    1000000    1000000    1000000    1000000    1000000    1000000    1000000    1000000    1000000    1000000    1000000    1000000    1000000    1000000    1000000    1000000    1000000    1000000    1000000    1000000    1000000    1000000    
(1,lambda)-EA:    4504       3498       2428       4207       232        611        673        1804       453        8307       2008       1024       1142       4489       915        4716       3520       1101       387        953        4844       718        2033       1359       478        3807       366        5728       7915       894        7845       3853       1449       784        4979       253        3848       3041       867        9095       6044       8059       2345       2755       766        3699       3648       9064       4886       

n = 190
(1+lambda)-EA:    1000000    1000000    396804     1000000    1000000    1000000    1000000    1000000    1000000    1000000    603992     1000000    1000000    1000000    1000000    1000000    1000000    1000000    1000000    1000000    1000000    1000000    1000000    1000000    1000000    1000000    1000000    1000000    1000000    1000000    1000000    1000000    1000000    1000000    1000000    1000000    1000000    1000000    1000000    1000000    1000000    1000000    1000000    1000000    1000000    1000000    1000000    1000000    1000000    
(1,lambda)-EA:    8749       7873       11289      1460       12216      1166       2007       888        1033       275        1710       858        4335       2996       1079       4322       4207       3866       3861       2840       8903       3597       2759       4834       278        573        4833       20984      5891       4635       1045       1555       7933       6569       9101       7618       3723       2130       2525       392        3760       475        10779      394        4127       2656       177        4584       2316       

n = 200
(1+lambda)-EA:    1000000    1000000    1000000    1000000    1000000    1000000    1000000    1000000    1000000    1000000    289165     1000000    1000000    1000000    1000000    1000000    1000000    1000000    1000000    1000000    1000000    1000000    1000000    1000000    1000000    1000000    1000000    1000000    1000000    1000000    1000000    1000000    1000000    1000000    1000000    1000000    1000000    1000000    1000000    1000000    1000000    1000000    1000000    1000000    1000000    1000000    1000000    1000000    1000000    
(1,lambda)-EA:    4875       20592      7882       16662      2940       3383       6442       6309       3027       4651       9076       1607       1041       19187      924        1704       3291       7988       5380       8203       278        4749       2139       6900       645        2522       302        3292       8369       8017       12147      2260       258        1673       8684       4960       1812       8417       12378      7578       10106      4551       3011       1553       5156       1689       769        4405       2059       

