1
2709 2194 1583 1721 3312 1810 2539 1170 1865 1684 8605 2714 2780 1409 2628 1613 2221 1337 1340 1871 5684 1419 1968 2807 1922 1558 1414 2440 1879 1578 4055 4048 2149 1250 1965 2138 2358 866 1509 3713 1866 7088 1128 2506 1410 1917 2712 1396 1316 
0.707107
7073 6339 1948 2420 2208 3639 4165 2844 2657 6758 7988 3561 1367 2570 2706 2623 3070 3412 2750 6383 1798 10408 7655 4121 3137 1998 1716 5667 4695 3620 4336 1998 2831 5218 2095 4157 1589 4139 6355 2466 1444 3186 4689 2837 3983 8862 4349 3258 6443 
0.5
31463 12152 6173 4765 4287 11680 6321 5969 6745 9966 8046 4895 15407 22992 4326 3691 9877 11603 9967 5167 4901 13870 6639 2879 10382 15871 4510 4937 30246 8208 5489 6819 3979 3340 2849 6356 4277 2761 9627 5694 4094 5975 8836 4556 3942 5380 13380 36980 5944 
0.353553
5660 12743 23158 23415 13986 14118 3711 8604 9486 15209 5012 12451 25825 24107 20570 33751 7223 7167 6002 13142 11161 21826 19042 6058 9981 4891 4842 9444 1921 8701 12662 6141 60862 16129 22598 14472 8129 12811 14645 14589 6103 6104 8943 28262 6813 6540 21203 7685 7482 
0.25
12984 21423 18051 31806 40584 25939 61306 28458 37883 56228 22165 15371 19181 18775 26380 30615 30869 9434 10279 13916 85556 63874 17069 9485 16361 30707 30152 23575 37399 20481 21685 20196 13917 10865 20427 29697 17421 9161 27104 41427 12608 18069 27941 10449 31913 13117 51240 6874 29535 
0.176777
75774 30951 31889 58543 52870 64451 26134 66683 28012 12039 43245 29309 72072 22715 47375 22792 63427 33582 61319 27797 29173 34512 91321 64246 29324 22718 39813 23142 18626 25391 22155 46048 68421 28098 45194 41202 35919 33714 14493 104691 35966 27326 64505 42487 76472 29643 28290 32556 13068 
0.125
70688 47493 57384 99497 89575 99724 53654 228779 64647 97857 45419 46822 98623 127775 50298 102984 39002 107711 55144 25969 52686 26527 86833 198193 34858 165911 30698 61033 78567 177819 30487 111834 52191 49862 61459 70111 51287 119763 61579 77470 83993 33614 111790 87245 27085 72249 33843 42818 35780 
0.0883883
53526 30168 78155 399644 184176 795063 93903 59724 111311 55277 243823 128482 112313 117701 258697 97770 68922 57490 157421 132542 199235 51124 56297 281724 111687 60327 56096 44411 88544 54385 45775 70115 90062 50589 109328 159422 59261 59342 36588 169267 109092 111776 76535 109426 46666 95198 92734 78627 127082