1
23110 17609 13172 20507 6918 21830 31653 9330 11963 14889 12778 33672 18861 18425 10962 15507 10169 13399 18461 13868 21190 7582 14931 59426 28126 14974 27832 12545 13193 20583 20193 16301 13468 17164 32372 12665 30152 14662 17040 41786 28297 6887 34752 15341 9765 16456 15343 12858 14870 
0.707107
30129 19789 17751 24065 33025 24754 24280 24956 32463 26753 20893 67046 45298 31082 60220 24654 26351 58337 22366 35286 30272 26987 32233 51421 23981 31848 50693 14741 62326 31158 66990 21411 27463 36673 39799 19993 26670 29561 36551 68082 44888 40767 13101 32711 38239 47478 14782 29872 29891 
0.5
75481 32820 98108 69012 74994 24221 53150 41266 41007 78383 47098 33449 65149 74067 32531 44872 46201 89284 86268 45794 26276 46124 37464 46437 78414 91683 35585 38736 104926 49255 54951 18144 43949 75324 42867 99745 35997 91414 52158 69269 26148 32587 90278 50659 44760 58070 73813 49077 85187 
0.353553
59762 42992 305436 60771 55853 52077 89976 128948 108274 134022 49402 51215 99032 87790 71941 178247 60287 79057 59496 48473 88799 61289 54738 90809 69411 64730 69676 68247 103652 110741 63700 96235 66740 101528 64906 31244 130030 103944 85715 40457 56982 85016 80091 26571 82971 72736 77120 77622 52824 
0.25
219057 87795 155077 199448 59567 135611 130835 57241 205221 127478 72513 72679 82507 73298 97206 283644 52856 221276 101185 145988 170393 140835 81204 84706 189684 216715 331620 168989 155056 76165 179411 123484 144952 141872 122470 85816 63759 150311 202623 103301 180860 117385 98815 139759 153743 48669 69281 136585 57358 
0.176777
225417 138097 282536 169328 185235 214297 368127 108433 352218 132498 148651 224107 85096 170257 150264 289315 242115 653476 197984 211745 531210 445327 335919 513378 164709 377723 184876 309067 367319 426963 270571 125260 412657 144394 195218 164607 264290 232018 644423 257758 328592 172154 345613 345882 104546 220485 300122 175569 194950 
0.125
496185 190176 789829 826517 261356 136674 441596 633762 247716 973582 273402 408817 316638 436778 665844 1330098 311258 518537 234611 420339 256112 327093 219445 259630 741481 512168 454866 296189 573429 154067 827531 396561 165722 323724 171017 239020 478997 271974 412936 409565 200203 302734 212827 448068 515446 281293 93839 160637 150194 
0.0883883
871953 659259 285458 306506 445397 659661 215870 460809 750023 350769 959125 1058442 397530 858817 464383 366824 515652 913205 1319719 468468 1055961 1272006 793873 1033064 579261 1107191 579283 514061 294657 409355 757131 526954 790602 297278 425801 944407 404609 652129 740889 716298 2167134 358595 1177715 689022 230802 871657 586580 528204 552946