1
3705 23573 7733 5006 2399 5114 3670 3139 7105 2709 3356 5949 6949 5057 10226 6378 6550 6624 15214 3095 6542 20763 3898 5681 3980 8757 4310 6489 2926 4877 4999 3782 9084 3386 15017 4967 5573 5173 4209 4602 2974 10025 6220 9260 31746 12354 10040 6058 15542 
0.707107
5175 8473 5842 6771 8433 11967 5897 23857 7622 11043 12904 24862 11635 18928 8836 7128 17188 6108 5755 5751 9179 5411 16661 6066 19619 19432 8988 27451 21726 13823 7612 8262 6304 10315 11527 7489 12571 10179 9080 16294 6947 16559 12027 6784 12177 16140 8538 11839 7637 
0.5
12118 10097 25374 11390 8131 29533 11218 28908 12950 20712 21718 14217 21520 30343 24009 19240 8466 6735 39971 28928 13165 24094 18999 8763 8393 43095 16682 6477 22289 15698 27141 17973 29609 9085 19611 7205 25988 14580 36073 23120 9866 25902 40965 27306 11533 11012 33651 13558 20850 
0.353553
69131 32146 33577 39410 45580 39774 22692 28346 31060 24966 79051 43289 35149 32417 44489 47720 57243 48662 30903 25675 13390 19054 18273 91728 57091 20344 31143 24984 21104 23218 30510 39650 33610 18867 41040 73530 37319 48352 18989 50325 24704 16136 49701 23875 27312 40627 15555 51716 26297 
0.25
83873 65842 39814 126054 42077 32687 70610 65140 42596 89472 76380 191236 46714 89384 43035 65479 87867 33484 30189 94208 30597 52765 46292 35428 61460 63480 52349 134033 72103 58111 100881 58814 173513 105366 29708 33414 335064 54249 88797 35565 74805 31491 46903 97500 86278 131698 170088 54722 82783 
0.176777
92061 106281 74170 110909 74267 146587 95245 40280 199168 95135 281353 74845 53453 48339 50620 122232 117762 102196 68165 92716 79438 95658 114256 56194 94990 87511 140447 97383 58305 180337 164449 62516 86072 65536 78285 78667 62501 90196 36368 80710 107582 42464 81984 185281 110407 66143 75875 81696 116913 
0.125
78099 113927 142436 410437 193245 92066 94912 96922 56695 521533 154928 62255 151893 74809 75126 419188 268666 306957 149557 65397 176985 161015 151421 102232 209384 95285 144491 147750 56662 59572 260602 148328 115977 219644 295105 131066 108249 203697 108153 201051 326915 131843 322774 103456 179907 69123 225219 104370 254241 
0.0883883
395816 157542 1248337 124006 1076620 259948 213079 146453 482002 173190 804993 786083 254425 249133 157478 125446 154569 358164 129503 203516 182301 172308 258235 839823 457014 314481 643953 75024 211518 260463 297494 408071 203576 297382 90918 558619 217696 747086 159121 116044 486255 365608 460498 239277 492182 201141 193514 202321 304047 