n = 60
(1+lambda)-EA:    13531      11712      10201      29678      842        2026       1380       9866       1950       3301       7907       4039       2324       388        452        2855       5453       547        1818       8535       232        7418       4585       11689      41213      9195       5317       885        2719       24631      6068       30054      204        575        1309       4935       168        6775       13103      88         1282       540        111        4870       2554       1667       7049       1297       14742      
(1,lambda)-EA:    78         55         79         216        264        174        747        139        269        117        244        162        236        198        322        63         354        46         85         173        315        59         198        151        136        106        198        212        227        234        180        347        56         112        156        53         248        84         190        130        265        216        150        200        108        134        175        141        214        

n = 70
(1+lambda)-EA:    25579      9238       35348      1801       12687      10690      11321      956        140        2412       54954      50518      1667       9619       10293      4281       14340      39336      1661       505        12103      25220      9456       6545       3073       5971       39827      17267      3696       7985       22161      47226      4035       174        7519       28319      13073      35658      1556       4753       7082       9537       29896      4475       25598      19081      31608      25746      1801       
(1,lambda)-EA:    181        148        145        334        415        225        158        789        101        54         241        263        101        98         159        209        161        401        67         207        260        206        130        114        371        258        123        351        374        741        410        167        151        148        531        250        123        71         604        455        838        173        104        399        119        139        270        96         127        

n = 80
(1+lambda)-EA:    632        21017      13977      7328       27357      12964      14241      81871      56036      38871      33924      6937       25133      14350      9052       47955      51504      37095      14793      7458       8486       61686      630        8065       1752       16816      58463      966        12453      20809      1158       18668      6871       6587       14319      70190      58400      8678       46717      2128       26698      651        7081       10979      10642      25953      11057      2574       15007      
(1,lambda)-EA:    1178       384        98         513        250        293        287        286        107        85         373        204        588        315        463        321        513        343        487        145        404        638        326        495        232        533        262        147        283        178        332        652        297        373        217        129        304        400        792        181        209        289        487        533        158        271        356        858        213        

n = 90
(1+lambda)-EA:    10485      8787       24334      13735      10162      3764       474        7786       38074      29607      7018       102        66739      135        48602      10064      22488      8967       951        11568      45384      1141       1418       88875      21430      19192      17643      403        60006      60735      25558      31461      125727     2912       8147       3755       36417      3566       30672      40628      33799      151        836        10300      10664      149149     62462      8447       5281       
(1,lambda)-EA:    330        1494       324        540        717        219        129        138        294        227        203        1523       1098       344        491        313        125        656        192        812        429        178        914        194        113        1005       454        114        372        282        491        619        135        444        324        264        636        91         173        468        575        197        434        223        275        265        514        181        261        

n = 100
(1+lambda)-EA:    4861       239707     37323      25795      927        12009      6436       25419      3417       119549     1145       43543      14137      43184      118788     49565      10766      46587      27467      32517      13382      29764      40144      35310      9087       20871      33584      132640     46454      9565       16603      15242      33661      2773       53130      12040      44219      5263       28413      25173      64851      14405      178149     192038     11699      15219      175166     13829      61526      
(1,lambda)-EA:    745        650        365        520        2646       406        1600       874        1286       259        960        180        211        219        903        613        234        528        925        613        473        517        558        774        1082       181        163        329        1132       226        568        518        134        505        367        124        920        450        469        463        1777       385        135        195        207        280        301        299        280        

n = 110
(1+lambda)-EA:    10858      120560     13325      110166     34598      5191       67311      2881       81576      4765       18103      27985      71730      14194      85875      98         72521      54175      20707      53312      65355      62208      12260      28264      154316     124756     121538     29562      24045      26935      25387      13051      100646     1878       45742      24337      83155      19252      39970      32779      568        29624      40477      14530      200669     7715       249846     27052      86043      
(1,lambda)-EA:    548        179        889        461        123        881        322        1093       769        469        358        223        627        260        609        254        467        387        414        769        585        485        645        849        491        549        235        370        916        769        666        591        134        442        137        254        218        1134       222        560        1000       322        250        429        252        170        364        452        258        

n = 120
(1+lambda)-EA:    391        42901      197116     62446      23163      34393      40388      171574     64428      21215      210365     32659      71724      62762      12628      78029      75997      50509      16166      199        3684       75735      88949      36191      86905      30707      31679      19285      15548      9214       9548       73234      27885      110773     14497      18757      82724      4738       32477      61840      28888      16434      57470      49710      112857     104414     19629      72409      45655      
(1,lambda)-EA:    727        979        598        216        349        716        322        904        956        492        255        857        1691       367        372        522        155        202        914        1478       233        524        432        269        574        591        437        908        372        885        254        747        610        241        1404       1177       1615       721        409        730        854        949        1112       427        256        713        877        708        951        

n = 130
(1+lambda)-EA:    16386      19028      198379     203526     11263      35454      255622     20910      242535     67689      50195      117403     137468     144033     79996      21257      57571      50860      36643      74431      179300     214        47397      395611     38679      37958      60163      49810      242919     17940      56005      37622      86362      8362       65014      21163      166524     50105      11200      27954      83913      69096      25950      10989      26662      176471     78698      81275      152221     
(1,lambda)-EA:    629        1251       339        300        435        529        501        390        432        487        436        1141       473        763        326        1091       795        603        623        514        1777       1716       454        524        234        896        1014       666        355        1035       246        1396       236        2471       594        587        1201       1801       1564       406        443        355        338        1162       509        271        2422       912        1384       

n = 140
(1+lambda)-EA:    103931     96623      26493      58403      43071      67814      124473     46670      87273      7359       154552     114620     355989     237063     79443      13879      33223      85326      114997     170449     27316      344497     25640      360046     85962      54064      42045      74178      72072      170807     54663      18308      179581     21174      59267      27337      104964     98000      6176       51663      44194      41449      209424     159451     110876     39986      92137      149739     154903     
(1,lambda)-EA:    780        972        744        1687       781        1161       651        670        836        630        1143       557        529        877        744        496        503        2802       272        1088       805        2043       979        926        1037       219        715        256        337        796        1089       298        620        3446       627        1670       407        1467       529        1126       599        447        568        1216       557        791        559        422        1999       

n = 150
(1+lambda)-EA:    113852     27022      97564      27581      29427      56680      15436      87832      30621      56688      121328     134275     147832     28071      176305     180508     38232      255444     71779      52069      120192     56322      83862      94786      53648      20129      132747     44996      167682     27066      34361      192461     14412      13225      34605      18391      79296      67062      10819      14488      58925      169837     203738     130119     84566      96394      65618      206430     63356      
(1,lambda)-EA:    314        1666       842        1878       914        1173       1054       1082       258        997        545        398        835        1718       1271       1968       634        448        984        615        551        989        769        1383       2976       711        824        2541       586        630        2138       359        1527       1145       886        306        1100       623        449        397        2989       1239       1137       1272       1661       2672       1066       522        421        

n = 160
(1+lambda)-EA:    55678      170356     101141     59544      277392     85576      112499     34442      235166     44459      225274     205773     126467     141870     35760      23071      57568      124746     25070      134291     44710      3272       64692      91581      104615     107186     425203     125963     127513     140388     42205      87677      58581      29075      79262      52499      57419      146094     82323      28088      176400     46282      55489      81143      291544     81786      15742      43235      50411      
(1,lambda)-EA:    883        3392       842        1196       968        814        1980       352        2999       533        926        1130       799        888        567        2110       906        1159       686        1803       1099       1949       988        489        339        867        677        526        659        535        3836       407        987        1898       2507       1402       2253       796        695        1336       931        742        199        2082       1710       1615       389        558        956        

n = 170
(1+lambda)-EA:    422124     117912     118683     257067     71413      94679      101492     23634      12892      209686     118699     166949     30285      71592      41859      70701      14801      55220      118520     96599      98110      79712      169302     183224     108609     46755      165486     163358     162027     160420     235802     140823     106237     178079     106759     61967      58107      136798     1856       62700      31461      49370      203058     100788     97959      26819      16446      35823      21190      
(1,lambda)-EA:    846        1959       1435       297        2138       968        633        1244       944        1325       1154       837        819        1453       1220       1268       1863       3421       3990       742        2073       1273       910        662        2156       1917       2898       1257       615        940        1189       4297       539        884        893        706        3562       2207       851        1848       466        412        581        3467       2320       1309       2077       3612       731        

n = 180
(1+lambda)-EA:    17185      12165      373122     493634     263384     56119      139107     200717     247312     396072     33136      214660     181571     188303     204303     131990     94772      87950      358171     30652      124188     193373     358000     63104      74084      254466     51888      313256     146253     236761     142345     413693     242417     75684      88512      70274      176371     177935     173014     159910     364053     266069     352898     187953     405642     292251     75015      7198       119383     
(1,lambda)-EA:    1143       985        836        744        1301       835        1235       1420       1838       824        837        1514       2357       2319       1270       1556       564        976        3059       275        991        1416       1925       2629       898        1591       959        692        864        1584       1658       7576       3651       6778       1281       1628       3057       1112       1532       1485       2605       1127       1583       1553       357        1360       523        682        4705       

n = 190
(1+lambda)-EA:    252651     213366     19228      94198      133864     98870      140882     50492      267698     45912      166267     172236     248110     162619     232411     111778     166544     192026     22753      235496     68783      630127     304318     215882     102698     71497      23332      139090     161140     207154     23239      117558     49815      50506      214991     290281     107300     157077     149529     143585     179509     183142     81695      296255     118316     203690     291351     164854     420791     
(1,lambda)-EA:    862        2758       656        807        4328       1848       1815       3858       3189       2897       2620       3116       766        817        1411       654        1353       2302       3964       685        3392       1875       1077       2349       5737       1136       562        1150       1685       1684       2406       2732       2110       2827       927        5709       546        1606       477        785        1506       434        1772       2998       958        1493       1380       1780       384        

n = 200
(1+lambda)-EA:    350153     62364      217458     232023     121499     80461      24387      196643     563470     53187      403576     161832     53185      96525      6787       44340      252362     244420     632        144818     341925     146773     135084     225346     75667      154222     423423     53722      143848     488509     230457     57599      373744     103173     96511      143537     75669      43106      137742     112039     283098     89429      117963     120876     252707     121614     74604      85427      145859     
(1,lambda)-EA:    5011       2999       1351       4833       1385       2595       2620       2473       2014       437        4390       1198       1535       3852       2252       2137       5752       339        1291       4646       7293       1629       2060       1856       1144       1297       3720       852        3752       1925       2378       2023       2609       1028       1943       1288       2715       2966       1177       1213       2442       836        739        2620       1042       5086       1377       661        2945       

