n = 60
(1+lambda)-EA:    810        70686      133480     1000000    1000000    22910      1000000    37         64258      8399       31403      27         25216      1000000    251        101144     66         101224     19097      67         1000000    5877       703        11046      31         737        61         1545       526        117        332356     27034      1564       58638      945128     308280     947276     4070       49         443        225194     54         480665     231        68         78         1000000    484667     54         
(1,lambda)-EA:    133        35         75         75         80         104        110        100        158        93         49         73         179        168        88         121        62         63         155        45         79         159        163        142        121        27         112        265        193        66         93         97         64         64         113        162        89         96         167        82         61         199        115        87         112        127        116        262        52         

n = 70
(1+lambda)-EA:    97967      1000000    1000000    64292      1000000    1008       76989      1000000    1000000    544023     40         77         1000000    599806     583667     313        1000000    49816      41         96         161        2214       1000000    29986      13753      21636      1000000    98951      1000000    5158       161535     82         781        227860     39130      1000000    611655     29972      1000000    1000000    80074      32560      1377       1327       4741       20772      65         1000000    602902     
(1,lambda)-EA:    87         125        256        149        147        203        128        42         165        148        143        143        208        106        191        188        225        136        254        154        332        205        164        150        50         128        91         157        82         205        168        250        348        80         302        168        86         130        51         137        228        67         88         144        262        171        143        46         219        

n = 80
(1+lambda)-EA:    388542     1000000    180131     58         1000000    7377       1000000    86         73         40725      18349      74         141935     96235      134139     1000000    1000000    1000000    128605     195014     1000000    75         1000000    73982      1000000    1000000    2621       16030      948773     1000000    1228       641        660671     2061       1000000    1000000    86172      1000000    1000000    541289     106489     1000000    1000000    1000000    1000000    1000000    339794     13435      1000000    
(1,lambda)-EA:    91         225        69         301        158        239        65         350        190        67         169        193        177        253        99         154        285        71         183        70         88         299        71         395        234        217        117        163        176        523        295        113        327        186        233        69         96         216        157        181        158        115        110        66         101        201        216        101        252        

n = 90
(1+lambda)-EA:    1000000    1000000    248277     1000000    33995      23346      1000000    15199      145        1000000    1000000    547863     689        2041       1000000    3944       1000000    1300       4772       1003       1000000    1000000    2671       1000000    1000000    1000000    5958       15282      1000000    1000000    39343      711200     268        1000000    1000000    52441      865175     358461     19511      1000000    1000000    1000000    76500      616337     1000000    1000000    1000000    1000000    1000000    
(1,lambda)-EA:    203        262        441        116        144        433        187        233        113        213        518        495        309        267        331        222        286        167        106        166        306        313        376        404        124        215        244        206        176        478        388        52         157        243        200        166        181        258        209        219        219        170        76         254        152        326        369        178        164        

n = 100
(1+lambda)-EA:    1000000    80901      109377     257763     53771      1000000    1000000    1000000    1000000    1000000    66093      24905      1000000    1000000    1000000    1000000    1000000    1000000    1000000    1000000    1000000    12952      1000000    70         1000000    1000000    72650      1000000    1000000    1000000    1000000    3193       1000000    1000000    1000000    1000000    1000000    55594      9068       1000000    1000000    1000000    1000000    1000000    1000000    21041      1000000    1000000    1000000    
(1,lambda)-EA:    207        223        93         213        194        128        337        439        244        335        403        245        230        220        315        115        512        130        153        233        205        642        120        244        431        344        138        602        373        495        151        125        134        156        364        155        338        275        168        164        140        271        287        326        275        298        283        410        749        

n = 110
(1+lambda)-EA:    1000000    1498       479        1000000    456        847284     1000000    1000000    230629     1000000    1000000    1000000    501173     1000000    1000000    1000000    1000000    1000000    1321       1000000    1000000    1000000    1000000    1000000    4362       39848      762075     1000000    1000000    1000000    1000000    776363     1000000    1000000    1000000    1000000    1000000    1000000    1000000    1000000    12760      1000000    1000000    1000000    873492     1000000    1000000    1000000    1000000    
(1,lambda)-EA:    304        174        179        459        155        95         444        176        223        377        131        206        192        253        57         306        249        224        151        191        436        285        302        115        344        149        405        201        175        187        261        427        241        355        231        116        214        359        176        317        468        430        650        114        555        261        200        401        334        

n = 120
(1+lambda)-EA:    217209     1000000    323851     768723     1000000    1000000    1000000    1000000    1000000    1000000    6125       1000000    25011      1000000    1000000    1000000    1000000    1000000    156814     1000000    1000000    1000000    1000000    1000000    1000000    1000000    1000000    1000000    1000000    101364     1000000    59         1000000    1000000    1000000    1000000    1000000    1000000    1000000    1000000    1000000    1000000    1000000    1000000    1000000    1000000    1000000    1000000    1000000    
(1,lambda)-EA:    694        673        193        661        239        346        260        459        146        372        52         221        364        280        369        354        697        241        357        290        505        254        258        108        505        626        192        516        767        355        213        353        414        376        318        248        566        766        158        444        517        233        378        318        215        192        367        842        216        

n = 130
(1+lambda)-EA:    1000000    1000000    1000000    1000000    1000000    1000000    1000000    1000000    1000000    1000000    1000000    1000000    1000000    1000000    1000000    2012       92043      1000000    1000000    1000000    1000000    1000000    1000000    1000000    1000000    1000000    1000000    1000000    1000000    1000000    1000000    1000000    1000000    1000000    1000000    1000000    1000000    143        1000000    1000000    1000000    1000000    1000000    1000000    1000000    1000000    94         1000000    1000000    
(1,lambda)-EA:    103        764        443        235        820        305        213        907        400        423        284        475        243        702        370        166        365        473        280        510        604        1066       478        253        422        253        404        241        556        584        348        724        320        293        347        330        304        350        315        216        696        344        428        492        695        573        217        307        1133       

n = 140
(1+lambda)-EA:    1000000    1000000    1000000    206939     1000000    1000000    1000000    1000000    1000000    1000000    1000000    497        1000000    1000000    1000000    1000000    1000000    1000000    1000000    1000000    1000000    1000000    1000000    1000000    1000000    1000000    1000000    1000000    1000000    1000000    1000000    1000000    1000000    1000000    1000000    1000000    1000000    1000000    1000000    1000000    1000000    1000000    1000000    1000000    1000000    1000000    1000000    1000000    1000000    
(1,lambda)-EA:    210        216        623        351        444        271        587        394        388        580        294        405        545        196        192        306        331        543        166        391        697        397        422        237        314        321        783        265        557        337        396        248        654        178        476        511        175        779        493        275        506        528        318        607        800        140        626        428        271        

n = 150
(1+lambda)-EA:    1000000    1000000    1000000    1000000    1000000    1000000    1000000    1000000    1000000    1000000    1000000    1000000    1000000    1000000    1000000    1000000    1000000    1000000    1000000    1000000    701116     1000000    1000000    1000000    1000000    1000000    1000000    1000000    1000000    1000000    1000000    1000000    1000000    1000000    1000000    1000000    1000000    1000000    1000000    1000000    1000000    1000000    1000000    1000000    1000000    36764      1000000    1000000    1000000    
(1,lambda)-EA:    365        1245       118        803        505        885        491        780        811        388        1503       455        305        449        271        450        1186       637        386        650        680        410        734        497        214        337        453        175        327        678        610        1015       509        1270       717        494        345        422        1031       384        321        753        642        162        282        252        333        462        518        

n = 160
(1+lambda)-EA:    1000000    1000000    1000000    1000000    1000000    1000000    1000000    1000000    1000000    1000000    1000000    1000000    1000000    1000000    1000000    1000000    1000000    1000000    1000000    1000000    1000000    1000000    445434     1000000    1000000    1000000    1000000    1000000    1000000    1000000    1000000    1093       1000000    1000000    1000000    1000000    1000000    1000000    1000000    1000000    1000000    1000000    1000000    1000000    1000000    1000000    1000000    1000000    1000000    
(1,lambda)-EA:    1953       779        253        1071       481        602        726        217        445        1141       404        449        643        483        401        390        1041       477        969        458        164        816        659        662        884        881        530        526        802        525        483        161        579        544        887        731        1874       297        1402       1369       160        446        639        559        366        702        464        938        826        

n = 170
(1+lambda)-EA:    1000000    1000000    1000000    1000000    1000000    1000000    1000000    1000000    1000000    1000000    1000000    1000000    1000000    1000000    1000000    1000000    1000000    1000000    1000000    1000000    1000000    1000000    1000000    1000000    1000000    1000000    1000000    1000000    1000000    1000000    1000000    1000000    1000000    1000000    1000000    1000000    1000000    1000000    1000000    1000000    1000000    1000000    1000000    1000000    1000000    1000000    1000000    1000000    1000000    
(1,lambda)-EA:    443        435        466        844        664        576        302        555        1911       290        758        430        850        849        651        937        397        332        496        530        1474       298        1265       358        1053       400        814        1743       480        1204       1055       709        909        432        651        659        660        1253       672        757        251        2434       1329       1078       311        335        139        422        629        

n = 180
(1+lambda)-EA:    1000000    1000000    1000000    1000000    1000000    1000000    1000000    1000000    1000000    1000000    1000000    1000000    1000000    1000000    1000000    1000000    1000000    1000000    1000000    1000000    1000000    91967      1000000    1000000    231609     1000000    1000000    1000000    1000000    1000000    1000000    1000000    1000000    1000000    102986     1000000    1000000    1000000    1000000    1000000    1000000    1000000    1000000    1000000    1000000    1000000    1000000    1000000    1000000    
(1,lambda)-EA:    710        627        952        1157       370        417        1123       744        847        739        445        695        469        362        1004       1109       703        479        885        637        525        600        1272       542        746        1676       373        1317       2282       627        291        847        791        427        475        376        980        355        153        790        451        873        1024       620        576        620        426        723        443        

n = 190
(1+lambda)-EA:    1000000    1000000    1000000    1000000    1000000    1000000    1000000    1000000    1000000    1000000    1000000    1000000    1000000    1000000    1000000    1000000    1000000    1000000    1000000    1000000    21754      1000000    1000000    1000000    1000000    1000000    1000000    1000000    1000000    1000000    1000000    1000000    1000000    1000000    1000000    1000000    1000000    1000000    1000000    1000000    1000000    1000000    1000000    1000000    1000000    1000000    1000000    1000000    1000000    
(1,lambda)-EA:    1203       583        599        1069       678        516        449        504        953        559        1104       767        717        708        516        523        823        540        635        693        1029       577        541        1005       943        731        442        995        792        470        506        2665       270        723        475        876        316        502        457        632        807        801        2375       687        243        291        575        942        621        

n = 200
(1+lambda)-EA:    1000000    1000000    1000000    1000000    1000000    1000000    1000000    1000000    1000000    1000000    1000000    1000000    1000000    1000000    1000000    1000000    1000000    1000000    1000000    1000000    1000000    1000000    1000000    1000000    1000000    1000000    1000000    1000000    1000000    1000000    1000000    1000000    1000000    1000000    1000000    1000000    1000000    1000000    1000000    1000000    1000000    1000000    1000000    1000000    1000000    1000000    1000000    1000000    1000000    
(1,lambda)-EA:    808        602        1045       1147       992        1108       1199       2493       632        1085       821        695        1420       642        586        374        1638       510        1057       928        422        1540       1655       1330       536        1021       873        807        1420       601        335        505        1125       816        366        1219       745        700        481        1434       930        760        1355       343        1691       334        406        793        1017       

