1            0            68           
2            0            70           
3            0            71           
4            0            72           
5            0            74           
6            0            76           
7            0            78           
8            0            79           
9            0            80           
10           0            83           
11           0            85           
12           0            87           
13           0            89           
14           0            90           
15           1.99223      92.9922      
22           0            93           
23           0            95           
24           0            96           
25           0            97           
26           3.98375      101.984      
64           5.52617      103.526      
112          8.57621      104.576      
668          10.7559      105.756      
5308         12.4416      107.442      
6188         14.4034      108.403      
6784         17.1749      109.175      
132791       17.502       110.502      
136635       19.7328      114.733      
211924       26.1906      120.191      
222938       28.4787      122.479      
72207066     26.3245      124.324      
76632822     27.1788      125.179      
86433316     28.177       128.177      
120969859    33.8558      133.856      
1000000000   33.8558      133.856      