1            0            72           
3            0            74           
4            0            76           
5            0            78           
6            7.39509      85.3951      
45           0            79           
46           0            80           
47           0            81           
48           0            82           
49           0            83           
50           0            85           
51           0            87           
53           0            88           
54           5.97454      92.9745      
91           11.8145      96.8145      
142          0            87           
143          0            89           
144          0            90           
145          0            92           
146          0            94           
147          0            95           
148          0            96           
149          0            97           
150          0            98           
152          0            98           
153          0            99           
155          0            101          
156          0            102          
157          0            103          
158          0            105          
159          0            108          
160          0            110          
161          0            111          
162          0            112          
163          0            113          
164          0            114          
166          0            115          
169          0            116          
170          0            117          
171          0            118          
173          0            119          
174          0            120          
175          0            121          
176          7.06548      126.065      
231          0            120          
235          3.77494      121.775      
239          0            119          
240          4.05629      121.056      
269          6.22834      123.228      
319          0            118          
320          0            120          
321          0            122          
323          0            123          
324          0            124          
325          0.0432747    124.043      
327          0            125          
328          0            126          
329          0            127          
330          0            128          
333          0            129          
337          1.36417      131.364      
349          0            129          
350          0            130          
351          0            130          
352          0            131          
353          1.95736      131.957      
369          3.31394      132.314      
377          0            130          
378          0            131          
379          0            132          
385          0            133          
387          0            134          
391          1.51284      134.513      
408          0            135          
410          0            136          
417          0            137          
419          0            138          
423          2.35229      140.352      
449          0            138          
452          5.15952      142.16       
592          7.69617      142.696      
726          0            135          
727          0            137          
728          5.03026      143.03       
777          0            139          
781          0            141          
784          0            142          
786          0            143          
796          3.01911      144.019      
814          0            142          
816          0            143          
817          0            143          
820          0            142          
838          0            143          
840          0            144          
847          0            144          
852          0            145          
855          0            146          
865          0            146          
866          1.53773      146.538      
867          6.87765      149.878      
