1            0            63           
2            0            65           
3            0            66           
4            0            68           
5            0            69           
6            0            71           
7            0            71           
8            0            72           
9            0            74           
10           0            76           
11           0            77           
12           0            78           
13           0            79           
14           0            82           
15           0            83           
16           0            84           
17           0            86           
18           0            88           
20           0            89           
22           0            91           
23           0            93           
24           0            95           
25           0            97           
26           0            98           
27           4.30904      100.309      
74           6.88046      100.88       
130          9.82698      104.827      
1226         10.813       105.813      
1303         14.9357      108.936      
12937        16.6763      109.676      
24280        17.1696      110.17       
26091        17.8506      110.851      
29072        17.6043      111.604      
69682        18.6426      113.643      
105583       22.4195      116.42       
192908       22.655       117.655      
537246       26.3823      118.382      
1389416      29.5698      120.57       
23359712     29.6549      120.655      
24159799     30.3369      123.337      
24519904     31.5983      123.598 
1000000000   31.5983      123.598 
