1
877 1084 792 1399 742 922 2332 826 888 1766 789 1033 735 2829 904 1312 875 1036 691 675 2410 777 726 1012 1227 756 1512 899 876 715 1238 877 5435 1014 667 611 789 650 780 787 793 759 677 771 542 679 1243 727 937 
0.707107
1264 1310 1939 6405 839 2609 1375 1386 1116 1653 1354 2632 2400 1295 1177 1072 1931 1917 1923 1390 1195 1351 1722 1224 1783 1370 3083 1080 1649 1850 1038 977 956 1050 953 805 1791 1765 2537 22253 2257 1089 1397 1757 2164 853 901 1607 1882 
0.5
2104 1665 6688 2945 1791 2744 5771 1357 6240 4796 2014 4001 1145 2951 2085 2170 5000 3549 2785 3445 5073 3263 1545 5094 1916 8652 2762 3807 2318 3747 2586 7755 5257 2174 1824 1204 2362 2992 1165 1376 5577 2699 1780 5307 2649 4142 3923 2180 2666 
0.353553
7511 19680 2635 3655 8318 4836 7175 2018 12236 16233 4492 2690 1803 3397 3968 11360 2669 4701 3956 7251 6869 5774 5363 4448 6657 11161 3645 9152 10038 17604 2919 22327 2514 4243 8598 7203 4112 6625 5951 5592 3680 12603 7154 4339 4544 2524 2359 3950 6802 
0.25
20690 10598 14445 11003 4236 3072 11282 16942 13758 9539 19722 27689 10671 12186 9087 13811 6755 49754 19142 6951 8666 14505 7291 4826 6040 14159 6451 5576 12587 16700 23414 16827 11326 17800 7587 15001 12382 7567 13131 6891 9307 51982 16874 14677 17960 3065 10042 12629 11828 
0.176777
18723 6434 43919 20645 8688 12150 37500 11157 10244 12652 15410 15756 33597 22535 16798 20841 8516 10632 16619 4398 5346 22386 22415 9710 15525 59161 14136 14771 129006 32810 10427 15352 24039 16181 19925 28995 19073 38716 28080 8135 12819 63295 8167 17963 17405 31954 7803 10794 4529 
0.125
45823 50090 11698 39932 19179 19665 19633 32960 26264 27726 35516 25628 41680 31765 33791 34665 128218 17849 24641 12368 28360 24592 13031 40400 40542 29299 44349 31359 14135 95652 8402 28282 12339 27784 46896 28706 25640 8821 49135 21707 27765 43476 12565 23094 25304 96240 35998 37559 17282 
0.0883883
18971 50826 23937 24925 140100 27608 59304 43372 30969 26371 29240 75550 4688 22410 237124 36942 84790 59908 122429 56350 64853 48092 21285 25053 36620 53542 39884 50129 42439 100546 31616 50030 106337 37967 100686 57228 74805 27778 35725 43155 153662 22712 44421 74951 37687 80327 83086 38342 112724
