1            0            63           
2            0            66           
3            2.35566      70.3557      
9            0            71           
10           2.00769      74.0077      
30           7.97171      80.9717      
59           6.61969      81.6197      
60           0            76           
61           6.61969      81.6197      
96           0            76           
98           0            78           
99           0            79           
100          0            81           
101          0            83           
102          0            85           
103          0            86           
104          0            88           
105          2.96024      89.9602      
108          0            90           
109          0            91           
110          0            93           
111          0            94           
112          0            95           
113          0            96           
114          0            97           
115          0            98           
117          0            99           
118          0            99           
119          0            100          
120          3.62558      104.626      
159          4.46241      107.462      
172          0            104          
173          0            105  
175	     0            105        
177          0            106          
178          0            107          
179          0            108          
180          0            109          
181          0            112          
183          0            113          
184          0            114          
185          0            116          
186          0            117          
187          0            118          
189          0            119          
190          0            120          
191          0            121          
194          0            121          
195          0            122          
196          0            123          
197          0            124          
202          0            125          
203          0            126          
205          0            126          
207          0            127          
213          0            128          
215          0            128          
217          0            128          
218          0            129          
219          0            130          
220          0            131          
222          0            132          
223          0            133          
224          0            132          
225          0            133          
229          0            133          
230          0            134          
232          0            135          
234          0            135          
235          0            136          
239          2.53345      137.533      
256          0            134          
261          0            136          
263          0            137          
267          0            138          
275          0            139          
290          1.29943      139.299      
302          4.63777      139.638      
309          0            135          
314          0            136          
315          1.59959      138.6        
335          0            139          
340          0            140          
344          0            140          
345          0            141          
348          0            141          
356          0            142          
361          0            142          
364          0            142          
365          0            143          
366          0            144          
369          0            145          
372          0            146          
384          0            146          
385          0            147          
392          6.161        152.161     
