n = 60
(1+lambda)-EA:    1000000    1000000    85         1287       1000000    148        821        40423      910        73665      182960     4612       6297       376        312        5046       41         40210      1000000    964        152715     656277     104        20409      461769     33151      4754       22         99         269        400982     9390       13640      5595       40         1000000    1700       879752     1372       30         1000000    838463     2174       149731     583376     360993     1000000    5150       238989     
(1,lambda)-EA:    116        62         162        83         152        191        186        77         59         166        226        163        48         33         86         32         29         159        153        57         291        148        82         63         63         78         171        51         58         125        71         178        86         244        57         306        92         261        268        32         75         268        156        294        157        131        72         130        188        

n = 70
(1+lambda)-EA:    1000000    72         575        370830     1000000    1000000    38094      8532       768        116        37364      727234     34026      1000000    496        1000000    1000000    19058      25544      783        4325       1000000    53         4453       55476      33072      147        1000000    64         1000000    302864     41         211        151098     30300      1328       169745     1175       1000000    971155     10851      23093      166        611        50         34         4337       31525      3530       
(1,lambda)-EA:    96         75         244        283        144        143        86         147        146        150        51         116        192        120        194        84         116        81         211        106        236        136        110        141        207        73         257        232        179        154        64         334        211        48         149        77         188        68         178        83         99         46         66         59         77         123        86         158        134        

n = 80
(1+lambda)-EA:    57061      1000000    1000000    1000000    1000000    70         64495      552087     799        1000000    7989       86636      1000000    26473      264503     1000000    1000000    538959     1000000    41212      5038       701        1000000    1000000    1000000    1000000    261152     1000000    712646     839112     72         16847      1000000    2415       1000000    48312      802        1000000    255356     743358     1000000    1000000    1000000    1000000    1793       1000000    1000000    5157       4891       
(1,lambda)-EA:    67         150        129        120        126        93         384        203        109        112        264        171        302        612        246        82         84         443        233        233        488        116        205        261        187        302        145        349        187        97         104        257        79         56         159        210        177        136        250        168        164        204        230        140        203        326        76         211        269        

n = 90
(1+lambda)-EA:    1000000    1000000    64689      1000000    1000000    1000000    1000000    1000000    1000000    210235     1000000    1000000    1000000    1000000    1000000    73687      1000000    176        1000000    15822      1000000    121846     1565       68         170        1000000    1000000    480        62         1000000    1000000    46         1000000    1000000    308388     1000000    1000000    20138      1000000    1000000    1000000    200        144        63         272        1007       1000000    1000000    1000000    
(1,lambda)-EA:    345        145        279        302        194        114        376        81         422        213        214        177        108        116        83         172        205        61         214        106        100        289        146        81         144        71         147        126        188        418        350        173        416        446        211        310        309        233        213        321        566        94         349        361        177        288        73         299        136        

n = 100
(1+lambda)-EA:    1000000    56061      300        1000000    46870      1000000    1000000    20694      1000000    1000000    1000000    57435      1000000    1000000    1000000    1000000    1000000    4368       1000000    1000000    1000000    1000000    1000000    103250     1000000    1000000    1000000    112        1000000    3706       1000000    60909      1000000    1000000    1315       10554      1000000    1000000    1000000    34898      8982       62085      1000000    602397     1000000    1000000    1000000    1000000    1000000    
(1,lambda)-EA:    372        248        224        220        253        123        442        290        398        238        402        459        451        290        87         160        452        148        246        129        337        103        219        178        252        119        446        99         117        562        450        102        353        275        391        440        219        142        182        476        227        145        330        249        292        270        245        153        497        

n = 110
(1+lambda)-EA:    1000000    1000000    1000000    1000000    1000000    850        114309     1000000    1000000    1000000    179889     1000000    1000000    1000000    1000000    1000000    1000000    2291       1000000    1000000    1000000    1000000    1000000    1000000    1000000    1000000    1000000    1000000    1000000    1000000    1000000    1000000    1000000    1000000    1000000    170        268873     1000000    1000000    1000000    1000000    1830       925284     1000000    1000000    1000000    1000000    1000000    1000000    
(1,lambda)-EA:    869        279        510        576        501        235        189        184        174        142        385        210        433        226        363        120        301        162        214        527        188        299        182        416        99         323        214        676        253        202        458        267        361        166        463        408        482        400        193        472        522        532        307        167        198        200        189        597        198        

n = 120
(1+lambda)-EA:    76735      1000000    1000000    1000000    1000000    1000000    1000000    1000000    1000000    1000000    1000000    1000000    1000000    90         1000000    8756       1000000    1000000    1000000    1000000    1000000    1000000    1000000    1000000    1000000    1000000    1000000    99252      1000000    1000000    1000000    1000000    1000000    1000000    1000000    1000000    1000000    1000000    1000000    254374     188833     10485      1000000    1000000    1000000    1000000    1000000    1000000    1000000    
(1,lambda)-EA:    272        517        621        551        336        464        281        407        364        308        211        233        338        271        243        395        177        186        332        902        455        514        339        462        445        545        716        135        655        171        478        301        670        169        366        470        467        154        250        238        329        123        309        237        301        332        182        341        357        

n = 130
(1+lambda)-EA:    1000000    1000000    1000000    1000000    1000000    1000000    1000000    1000000    1000000    1000000    1000000    1000000    222748     480514     1000000    1000000    1000000    1000000    1000000    1000000    1000000    1000000    1000000    1000000    1000000    77669      1000000    1000000    1000000    1000000    1000000    1000000    118        574973     1000000    1000000    1000000    1000000    1000000    1000000    1000000    1000000    1000000    1000000    1000000    1000000    1000000    1000000    1000000    
(1,lambda)-EA:    298        805        218        274        420        277        465        259        249        627        635        513        816        353        360        433        832        507        455        383        229        536        312        171        234        530        324        216        415        279        721        518        708        733        331        376        188        233        208        515        722        1135       515        153        435        490        740        309        431        

n = 140
(1+lambda)-EA:    1000000    1000000    1000000    1000000    1000000    1000000    1000000    1000000    1000000    1000000    1000000    1000000    1000000    1000000    1000000    1000000    1000000    1000000    1000000    1000000    330        1000000    1000000    1000000    1000000    1000000    1000000    1000000    1000000    1000000    1000000    1000000    1000000    1000000    1000000    1000000    1000000    1000000    1000000    1000000    1000000    1000000    1000000    1000000    1000000    1000000    73293      71576      1000000    
(1,lambda)-EA:    230        304        660        663        329        216        594        693        369        307        311        622        406        753        727        286        1294       682        413        311        631        1016       314        808        338        704        586        299        254        271        180        303        337        543        363        195        308        325        659        744        540        410        492        371        500        215        292        540        530        

n = 150
(1+lambda)-EA:    1000000    1000000    1000000    1000000    1000000    1000000    1000000    1000000    1000000    1000000    1000000    1000000    1000000    1000000    1000000    1000000    1000000    1000000    1000000    1000000    1000000    1000000    1000000    1000000    1000000    1000000    1000000    1000000    1000000    1000000    1000000    1000000    1000000    385        1000000    1000000    1000000    1000000    1000000    1000000    1000000    1000000    1000000    1000000    1000000    1000000    1000000    1000000    1000000    
(1,lambda)-EA:    377        376        315        304        413        404        534        629        1362       1016       1121       912        219        728        863        602        331        395        200        727        436        1305       153        537        604        697        785        615        417        261        635        504        882        963        334        916        174        1077       170        105        320        380        526        394        548        621        744        528        2056       

n = 160
(1+lambda)-EA:    1000000    1000000    1000000    1000000    1000000    1000000    1000000    1000000    1000000    1000000    1000000    1000000    1000000    1000000    1000000    1000000    1000000    1000000    3394       1000000    1000000    1000000    1000000    1000000    1000000    1000000    1000000    1000000    1000000    1000000    555        1000000    1000000    1000000    1000000    1000000    1000000    1000000    1000000    1000000    1000000    1000000    1000000    1000000    1000000    1000000    1000000    1000000    1000000    
(1,lambda)-EA:    458        634        764        806        548        988        768        2442       672        710        1324       208        1257       869        882        500        743        264        526        312        164        828        498        186        786        493        386        391        1252       863        821        712        1087       629        590        819        649        530        476        567        497        871        747        624        798        946        495        923        720        

n = 170
(1+lambda)-EA:    1000000    1000000    1000000    1000000    1000000    1000000    1000000    1000000    1000000    1000000    1000000    1000000    1000000    1000000    1000000    1000000    1000000    1000000    1000000    1000000    1000000    1000000    1000000    1000000    1000000    1000000    1000000    1000000    1000000    1000000    1000000    1000000    1000000    1000000    1000000    1000000    1000000    1000000    1000000    1000000    1000000    1000000    1000000    1000000    1000000    1000000    1000000    1000000    1000000    
(1,lambda)-EA:    442        631        251        316        644        701        976        763        924        340        203        657        306        769        596        515        544        404        610        600        525        505        741        726        929        334        975        874        530        1686       855        723        408        1250       233        343        830        364        870        665        878        369        547        338        804        958        594        576        271        

n = 180
(1+lambda)-EA:    1000000    1000000    1000000    500        1000000    1000000    1000000    1000000    1000000    1000000    1000000    1000000    1000000    1000000    1000000    1000000    1000000    1000000    1000000    1000000    1000000    1000000    1000000    1000000    1000000    1000000    1000000    1000000    1000000    1000000    1000000    1000000    1000000    1000000    1000000    1000000    1000000    1000000    1000000    1000000    1000000    1000000    1000000    1000000    1000000    1000000    1000000    1000000    1000000    
(1,lambda)-EA:    410        1142       305        526        530        706        389        749        333        544        875        707        326        359        396        638        310        1553       670        1639       712        945        324        732        311        1118       173        455        298        793        535        647        287        477        212        696        562        971        1233       432        414        543        660        1163       1029       1150       1411       1115       532        

n = 190
(1+lambda)-EA:    1000000    1000000    1000000    1000000    1000000    1000000    1000000    1000000    1000000    1000000    1000000    1000000    1000000    1000000    1000000    1000000    1000000    1000000    1000000    1000000    1000000    1000000    1000000    1000000    1000000    1000000    1000000    1000000    1000000    1000000    1000000    1000000    1000000    1000000    1000000    1000000    1000000    1000000    1000000    1000000    1000000    1000000    1000000    1000000    1000000    1000000    1000000    1000000    1000000    
(1,lambda)-EA:    557        832        331        817        606        569        1121       554        698        849        2259       1655       368        596        785        639        611        492        747        934        920        994        943        1414       416        473        966        1341       1018       483        1330       1377       320        1665       377        1515       663        1077       466        1070       1060       540        1227       577        1524       851        685        533        909        

n = 200
(1+lambda)-EA:    1019       1000000    1000000    1000000    1000000    1000000    1000000    1000000    1000000    1000000    1000000    1000000    1000000    1000000    1000000    1000000    1000000    1000000    1000000    1000000    1000000    1000000    1000000    1000000    1000000    1000000    1000000    1000000    1000000    1000000    2997       1000000    1000000    1000000    1000000    1000000    1000000    1000000    1000000    1000000    1000000    1000000    1000000    1000000    1000000    1000000    1000000    1000000    1000000    
(1,lambda)-EA:    552        260        286        552        586        1597       818        857        889        464        1314       626        525        870        1052       1341       1337       756        889        723        557        643        461        408        1864       1079       575        923        1110       1530       530        446        1393       1685       791        558        535        1315       360        276        1080       755        363        447        2198       769        474        827        1351
