n = 60
(1+lambda)-EA:    32260      102        3554       17000      16557      5108       1135       431        38         26452      3869       1955       56592      3322       5167       6353       3346       352        6245       4996       8915       4859       200        1104       761        98         16277      5333       2033       966        6606       409        14652      317        6808       1974       10689      11944      870        11186      30         13818      18302      17481      1551       5498       4824       1024       26823      
(1,lambda)-EA:    155        119        136        246        106        160        148        145        260        157        229        84         241        244        75         73         118        73         98         257        276        151        79         168        189        325        212        407        100        166        76         227        97         97         194        95         76         118        270        173        129        149        169        155        184        137        266        68         186        

n = 70
(1+lambda)-EA:    22270      6655       1066       23638      551        2739       2913       30649      13768      31403      17065      18939      3226       172        11853      30573      12270      2544       65137      8280       2149       1538       12005      561        12219      306        11008      4183       818        3264       18251      6228       52620      8053       2661       41275      893        230        5525       23156      34908      509        5790       4901       22043      3103       15084      12702      66403      
(1,lambda)-EA:    229        196        132        205        323        592        417        194        421        119        194        343        171        482        198        111        191        508        627        172        231        448        407        109        305        126        214        249        261        82         155        496        170        156        133        170        212        229        349        529        247        278        243        130        242        420        179        213        156        

n = 80
(1+lambda)-EA:    10042      6278       36676      27928      7979       7130       5244       2141       1163       10726      7293       12083      21724      4450       13145      21263      1216       21517      22027      10514      4291       83         8503       2709       39462      1686       51177      8158       3746       28940      16714      31173      11746      348        37779      17685      42936      5501       2579       5306       11345      5753       27733      12081      43343      470        87171      6862       5000       
(1,lambda)-EA:    372        370        244        340        346        211        122        187        465        149        584        376        192        486        148        152        217        446        333        702        359        165        376        289        137        711        768        656        444        831        306        293        134        140        154        141        247        799        387        830        165        436        136        339        120        66         183        775        351        

n = 90
(1+lambda)-EA:    27220      6500       14443      10429      26758      4766       74974      26199      16579      9464       215079     68355      2436       44925      46004      116325     91968      51667      355        33856      30598      19812      31336      11980      67752      105785     15959      26774      141        3255       81147      71915      32959      20027      37775      64551      784        18023      36291      34719      10697      3600       5520       6470       9023       16225      1830       30954      4368       
(1,lambda)-EA:    155        411        264        293        209        473        799        227        441        331        273        149        203        226        668        501        843        491        360        585        494        531        728        407        257        372        406        259        282        162        80         233        190        345        366        443        275        811        507        495        337        170        341        407        340        309        232        219        360        

n = 100
(1+lambda)-EA:    53942      29928      89388      4729       95201      63842      34427      21104      36284      659        14525      14974      19163      16995      26428      127784     24626      185802     24527      17262      9427       12156      29476      9832       30741      3598       34220      2704       146007     7487       11543      32261      4739       15710      696        15825      2939       82376      7052       19488      61068      77473      128704     4497       16754      75125      36882      28904      216620     
(1,lambda)-EA:    620        800        830        735        224        1020       339        331        368        383        296        395        642        249        816        575        827        1251       205        1095       355        200        289        91         585        393        606        169        437        256        819        232        626        422        551        606        627        1526       856        1056       598        584        490        333        112        628        344        898        466        

n = 110
(1+lambda)-EA:    2894       42596      85719      80030      141238     23804      11539      43874      110788     11208      41702      102115     72172      134437     91402      53422      83984      34904      28724      22281      42086      120092     77386      52273      57398      57154      18378      32434      34713      20680      8927       18247      12732      19559      11214      546        77504      41135      57942      130775     81791      7896       161859     16084      1594       86560      25374      1891       175701     
(1,lambda)-EA:    606        1013       295        984        751        725        146        1302       634        140        218        655        424        462        612        531        518        466        271        1344       149        746        908        463        216        375        206        275        767        364        484        741        182        570        824        609        433        337        1518       476        439        1756       1642       1359       318        436        262        180        337        

n = 120
(1+lambda)-EA:    11950      30781      287269     12221      106268     116010     27383      29635      36529      75190      17890      90272      28483      74377      35138      32963      2530       55701      45572      56944      33328      7207       38266      100757     66912      75474      33918      75806      294491     74398      13357      30279      20009      29045      80752      25671      6912       13559      31255      145429     155429     223508     52135      1706       195442     29138      6313       54465      91942      
(1,lambda)-EA:    396        854        1926       816        609        446        482        328        442        471        378        449        528        781        149        1146       619        853        723        1188       1187       383        183        621        398        154        1186       1116       2234       581        222        1033       418        183        246        862        244        494        557        657        417        1144       490        345        691        1202       844        1395       1463       

n = 130
(1+lambda)-EA:    204183     17785      31094      166580     66362      29746      189887     38964      18984      64059      15706      39812      39596      134451     21802      157018     39772      141274     173010     6171       49916      86707      61814      136612     57859      218171     85778      127        216723     62053      38620      53700      83867      60378      70085      80963      121308     125438     194861     13478      320270     109994     209170     69007      150057     50851      81953      17360      71483      
(1,lambda)-EA:    1341       704        690        1628       544        735        561        1055       599        759        2383       1576       983        651        380        690        739        383        240        2289       664        1492       443        2325       1425       812        1657       302        467        589        481        1791       597        725        1078       769        741        718        1004       269        789        864        1106       1601       568        284        677        308        698        

n = 140
(1+lambda)-EA:    19193      40720      374169     107222     3338       62596      43966      28721      41633      162674     139529     93982      91611      45584      29896      477        210430     104034     26941      122060     84595      124261     128309     19236      73862      160        82315      22121      175945     45521      179098     90430      228232     84055      68996      116957     300663     131872     67016      79224      64252      37257      81869      43343      74560      101308     44810      39730      151164     
(1,lambda)-EA:    1617       896        1172       767        636        1249       1201       2260       665        1758       819        989        532        1080       592        2833       717        1435       1453       1755       623        699        1491       1330       1234       641        652        880        618        309        880        509        2623       440        486        350        449        1090       585        498        804        557        812        629        431        539        409        384        452        

n = 150
(1+lambda)-EA:    34073      19950      22764      81648      124012     15339      17784      25869      45796      61145      132340     48377      64524      72479      29275      43969      63961      87729      139442     199234     34769      35383      4844       148725     54894      69837      24103      21168      39998      269245     24750      31138      178152     87232      80488      102832     34944      37257      52045      36548      39301      34457      121433     131486     69261      41533      59110      46790      126130     
(1,lambda)-EA:    793        642        1325       1503       2171       953        1392       320        647        4142       1427       723        1787       546        1271       1533       1480       841        362        1616       325        479        859        960        1200       1230       471        508        1505       610        297        1761       1076       1242       817        511        783        183        555        685        984        2616       1279       465        1175       1816       150        1178       383        

n = 160
(1+lambda)-EA:    14525      20289      77094      214928     79186      343415     50025      58892      72976      32170      171301     59832      75336      2542       107061     121071     197561     63097      123758     123021     64191      177769     110628     35372      16053      65161      245429     43525      71917      120800     32721      38042      116571     60219      159926     96262      171970     70395      43338      76155      106574     32418      62576      195773     10612      75366      188688     82210      25839      
(1,lambda)-EA:    2706       778        465        2171       604        560        1573       4559       1530       3233       1676       585        633        810        538        914        504        1463       1086       3113       741        489        1593       1921       581        1342       3475       1465       2256       491        1959       2471       534        1234       1124       839        2281       560        1598       875        6041       1830       2587       1708       399        1264       2186       1004       1501       

n = 170
(1+lambda)-EA:    107044     84855      63704      226979     63609      5105       152065     163835     64476      151029     412489     130455     206553     55222      260475     69130      183315     66136      153359     73979      81749      280671     140588     454686     406972     59908      2163       714        42199      20014      41333      46740      86256      34828      226677     23735      68546      33911      96870      62112      184809     98984      246122     32292      53713      278785     454096     33167      75711      
(1,lambda)-EA:    528        718        1406       2696       786        1562       4567       1402       1293       833        694        1920       187        617        607        393        922        986        2855       1001       814        2537       1687       3266       1079       789        4049       2373       2497       1556       1688       747        351        793        1383       2122       3245       1774       733        925        679        1373       432        617        1034       1171       356        386        1311       

n = 180
(1+lambda)-EA:    115489     81919      69014      71455      120089     134952     133824     41430      19590      40814      110522     148349     44960      60163      158695     100143     59246      29424      304329     196072     112388     105339     81927      184417     22624      64621      266165     60124      305265     34574      101677     166608     69198      310350     90067      156112     164263     40199      45796      11641      122864     89264      91383      184991     88030      179208     498471     118099     331196     
(1,lambda)-EA:    789        1062       446        715        4465       810        754        1032       4105       1462       1620       2682       2139       1545       747        862        923        1089       2046       2871       405        1535       1708       2758       796        1267       812        452        449        1556       759        1228       1891       3568       400        2031       4379       1129       621        3736       727        328        2228       530        764        927        596        326        1420       

n = 190
(1+lambda)-EA:    28907      289098     52409      85971      241569     93815      61998      50183      150983     256791     61197      239415     125869     415233     338305     71398      178291     200231     124773     455129     111352     117899     130106     106083     90121      1032       294171     305873     135569     61513      811        251693     290622     248775     94970      267263     236724     282280     131401     96584      79644      21699      85511      65726      114675     108231     100274     110702     6706       
(1,lambda)-EA:    590        2802       2632       1058       2597       4186       707        3209       2315       759        885        2100       2979       3926       881        1628       5752       1145       2318       726        828        979        3002       4396       2506       1938       1163       4443       1666       748        3223       5977       1143       1080       1891       1168       2203       2616       1453       1756       323        1485       2344       1273       1634       1819       1844       801        1194       

n = 200
(1+lambda)-EA:    161288     27678      55502      172295     430716     351275     420170     420422     420853     201342     125415     78797      200872     197123     195527     79497      87758      179794     156709     45705      433940     134689     63872      242969     125751     248982     130616     334794     428777     157108     236192     282402     413458     739267     14917      44593      410763     60476      552553     221367     139994     163058     78175      266007     206613     538444     34248      111286     94437      
(1,lambda)-EA:    4522       1872       1692       1695       2716       907        1033       603        723        766        2200       1075       4160       4398       3244       5981       2621       554        3601       1720       1584       805        584        2320       2967       2206       1840       2355       989        3118       1967       1246       2539       2310       676        1955       512        2726       987        1620       5754       991        1710       1214       884        3788       1465       4309       1796       

