1
14893 5211 8939 6798 2015 5627 12571 10007 6360 4546 18697 4616 3438 7411 6550 7267 5370 5244 2894 6413 4816 10949 5528 11995 6901 3962 9347 8844 8669 14446 6199 14502 3405 9061 3786 4962 4207 6668 3060 6301 8042 9386 4448 4648 7542 4470 3709 3257 5013 
0.707107
10160 6130 9742 3350 7882 6495 7939 11973 7124 9470 11200 17345 8013 8906 9238 9498 13391 29831 5088 6931 6543 3901 7518 8820 21905 18127 6308 14437 19644 6448 19314 13274 6434 12838 13185 5934 23216 39522 5273 6276 6316 20069 9851 23355 8942 13935 52073 9008 5415 
0.5
22990 16517 8213 65913 14421 51063 10011 49427 15991 14790 35858 26446 30531 15723 25674 36658 10307 8232 31505 52121 14571 30278 28582 49869 23617 23179 11015 15880 14567 30959 9685 8115 17900 17397 24292 38012 13030 46151 10981 10763 31851 30728 12592 24968 17976 56417 19802 19269 11479 
0.353553
46501 15334 11418 23802 19329 44696 25291 95080 75175 24718 44359 31637 14568 40453 32500 27273 61739 19114 27403 43729 62980 35916 41236 28392 34937 33965 30483 28374 24920 23361 85148 20547 37030 111079 50621 18475 118938 23193 30785 42750 29691 50863 66527 11162 11349 51030 23949 26378 39537 
0.25
90191 62550 13951 68043 195482 28985 276797 43240 60046 44244 103502 101124 61980 12183 59583 26536 42453 25582 34909 23155 74785 82438 39784 39935 45060 21035 60115 90316 248785 84566 44407 50784 21784 27857 338342 36578 140698 27783 38076 41742 53600 40915 202581 98110 137864 64533 116869 85703 58992 
0.176777
57396 227516 141942 53077 48957 51647 90698 80078 101391 81727 71099 56594 59818 122205 198374 54588 176396 189766 101224 70145 77948 165562 103501 262610 80158 66203 39008 72868 76472 356237 86011 75213 54756 57828 98308 95955 102023 212398 89118 89393 411480 83703 37941 77778 70904 83907 41051 77987 83201 
0.125
195306 165999 76807 55435 106856 149655 157718 119712 82836 178826 93685 118611 102490 221123 135548 88716 170131 75898 164214 632306 346341 387876 50970 555985 102965 170902 98215 106539 141285 91443 183209 75782 107139 241711 82889 81865 200431 109926 107287 148661 106700 78934 140883 154533 65543 155917 65634 72578 63294 
0.0883883
211972 308630 178624 396573 204032 385875 295378 89953 541138 260916 163948 84565 267275 258517 453883 1575441 174138 692820 170375 258934 421757 110834 182596 318446 471932 118689 261044 475770 250091 249476 301813 663154 129245 341641 203768 175823 100103 65195 118011 335618 189079 165121 196658 747436 165263 233110 193724 336020 370648 
