1
28399 55941 31000 10365 20839 20140 20791 9462 20012 15979 23436 8354 29175 21825 18111 15521 6685 12482 46241 29206 29577 13165 37344 18491 24233 21776 13982 56082 26824 20021 11200 34168 7932 17438 22539 11339 38951 19563 17768 12705 22383 13000 11490 21181 17910 15640 11251 29727 17910 
0.707107
79424 32386 17428 40736 39740 33074 36266 36454 30993 54970 27630 25262 18883 21645 24753 37204 49786 32734 22014 43940 30471 16569 40176 21182 24439 14195 57299 31340 31191 40901 29453 22492 18071 32100 45212 36941 39208 20544 32137 36306 55704 27582 22059 37738 73454 23502 42958 72094 21266 
0.5
94822 56324 46738 32211 98807 70806 66410 32156 58940 72195 35813 43066 138604 56268 67822 30789 57968 49547 62527 66245 68258 28088 104553 190745 68643 67744 38260 31601 45849 29997 30714 46438 57924 59900 51910 49767 42105 55921 38491 66045 45820 55169 35581 61642 90350 57141 80398 60459 49759 
0.353553
122843 104795 95393 79090 107751 113702 169858 90248 52546 86508 109793 89811 110285 87577 68998 92573 58805 52128 164266 32158 62953 79757 53161 88949 107388 73557 102375 66802 70070 69005 62823 178781 88191 124024 84612 72786 137503 59626 68115 174293 85079 188335 69359 73936 69952 217260 58791 69192 140015 
0.25
168268 108308 61959 125127 82020 108323 87180 87499 103829 256761 162796 77645 114602 135089 275323 75814 82442 255435 94462 59281 340046 143934 140775 377906 191567 173773 101726 223725 170373 69942 172675 98615 105530 75603 224308 95117 89347 96000 99234 284497 112326 89620 292465 117425 122738 90238 161308 71134 78773 
0.176777
148619 158060 186691 260919 108263 263188 190989 458336 158708 348766 181129 403088 106626 343352 198952 141221 398361 197485 343977 611065 237898 158360 533647 326849 144141 114590 247674 220356 118743 237312 118575 202602 184582 118134 303320 166621 172863 299894 228603 100498 448859 122223 261304 133067 89864 92309 104110 205126 258805 
0.125
427918 1588986 234416 436289 273448 379098 393499 1020868 244129 266178 272683 471465 172970 266414 269797 345765 549259 653390 195149 198340 276669 253802 189772 230093 213225 470925 315877 660015 288974 364886 229452 340192 173139 350355 293739 110962 383369 240801 270797 454438 272831 744993 361487 279116 227754 188918 372631 151576 370005 
0.0883883
538897 693546 840545 649049 339863 486573 689911 1342744 524048 1182302 1329161 1092844 386848 365946 603395 289823 610563 315519 732608 861321 731211 1068031 429345 310647 797393 616689 1388366 729892 949906 281205 609982 690200 598830 490462 549204 545111 221101 702990 390849 702537 587048 1637920 379266 605177 399509 820139 441958 775395 531878 
