1
1473 1760 1159 1542 1646 1685 4341 1469 3657 3935 1588 7153 1926 1763 3116 5646 1029 3871 8353 2322 1918 1342 4478 1927 2371 1861 2454 1952 2867 2552 2994 2297 1519 2491 1398 1267 1826 1255 2184 2243 2335 1340 1421 3373 2029 7648 2940 1043 1954 
0.707107
5164 3037 2189 8006 2863 5075 2763 3000 1881 2495 1894 8859 3137 5219 2069 7177 6101 2638 2662 3453 5419 2817 3496 4968 8445 1430 10652 2302 5049 7711 1683 2414 10123 1564 5099 1918 10027 2641 4644 4269 3783 3309 2601 6593 4833 3395 2271 2006 2403 
0.5
3000 4070 9456 11314 4614 10041 9734 12307 10409 3507 4722 15620 5972 8257 18357 2071 6424 6677 4812 12680 6278 5137 3535 3895 5053 14938 5071 4129 4254 6119 2308 9208 4512 5443 13194 11818 6283 3373 3005 5567 5466 1882 36171 9774 7644 6323 7959 2198 4649 
0.353553
16048 5318 17632 14836 23084 13950 18143 4810 6664 8650 27268 7776 5959 8322 5333 8744 16863 6852 12248 14149 9910 6611 23735 14652 43090 11824 12270 6199 12017 4553 9876 12496 29169 17018 13428 35533 15034 8890 5842 11203 21974 27477 37948 12539 18769 9194 6639 18326 27360 
0.25
25766 28381 12999 24500 7785 15465 18435 28521 19058 13091 30439 21558 21301 25849 12059 18116 17626 31552 12068 25935 21454 37950 9614 16166 33948 35151 13809 18149 14082 10982 17354 27410 23495 21469 23140 30246 18210 35823 19620 81739 19483 11647 16717 21832 6356 31291 8344 15839 41786 
0.176777
32422 16860 16614 51437 20285 34115 51775 12887 44543 23115 12165 34329 81383 7675 29841 22578 55532 74792 23307 218508 47335 44777 24291 31727 18848 30514 51055 16064 77229 55302 33983 13779 26227 70070 40993 62443 56054 21109 20969 64785 22573 56895 27113 97294 65849 31081 26750 17181 28506 
0.125
36525 40843 99793 27249 38551 64754 103017 170478 60049 152985 38906 68547 26658 67205 95149 28649 54946 499941 53326 138268 36384 37166 28480 39697 95697 62985 41207 55107 80088 24613 51253 130230 60313 54964 97951 145119 337549 40659 88355 31929 134907 66435 23350 91029 81560 72182 22128 25272 94558 
0.0883883
124331 139122 116310 98647 109079 78584 82459 273348 255500 38483 345683 92692 95755 111195 46617 55545 63753 62273 189566 46222 61328 158338 240536 106569 68228 117563 31831 210213 56810 172360 105829 71013 61327 52281 102662 230238 149270 125123 80040 65430 113494 294048 183773 211798 93423 219052 61949 151846 146459 
