1
683 519 1965 625 734 969 923 954 1819 618 1815 1016 722 820 682 620 882 841 835 826 870 1197 630 777 772 668 958 1578 792 993 1266 804 742 886 1010 668 2048 770 694 807 1245 714 813 957 769 908 1164 840 1091 
0.707107
2971 869 929 1095 1199 1999 2228 6643 1259 1182 6405 1382 1059 2241 2194 1203 1059 5347 4778 4008 1221 595 1918 884 914 2296 903 3851 1442 1069 1271 1039 1861 1271 931 1854 1381 1375 2095 1836 1955 1378 1187 1388 954 6365 1891 3455 989 
0.5
3352 7889 5066 1870 1890 1512 1593 2765 1249 1446 2855 6162 3524 2476 2431 5861 5251 2332 3241 9949 2372 16317 3699 1973 5749 2028 1586 3448 5534 2727 7353 1781 1045 1504 2674 1281 2776 4533 3735 1835 3259 2712 1479 1775 1035 2393 2208 6675 1981 
0.353553
7876 2965 2811 3309 2470 2839 6058 6026 13831 2120 4451 4260 3118 3360 2660 11417 12202 5121 5368 2151 7029 3447 13185 2341 7760 3967 6388 7874 8646 4732 4816 12765 3407 4220 4491 3246 6091 2605 6219 8319 3532 2819 5157 10010 6249 6739 3631 5636 4359 
0.25
19819 8778 34160 8965 17398 14082 2506 4461 4457 13637 10173 9139 12784 23013 14416 10059 11757 6173 11964 7956 3940 33103 3255 13892 17227 28888 11433 29873 11313 7469 12115 15056 3057 10910 3861 14469 10865 13130 7813 9176 8833 2527 6295 19449 6254 5448 3911 11691 10190 
0.176777
21808 22260 13649 10868 14082 13364 24181 9785 22146 15509 21943 12202 5623 28466 6228 15867 20378 21346 11545 56292 15304 13607 15642 3833 21698 21161 6661 11979 68115 4817 37197 19367 24387 45399 6023 90054 6761 13714 5251 22478 30310 26020 18047 15418 50135 10119 15659 9633 9339 
0.125
25952 9634 18199 16180 34733 7379 54615 26917 114018 34086 53283 19742 34267 177672 37705 40404 31451 5720 38583 53390 21901 30422 49805 33969 77819 17944 52959 27287 46728 11882 37313 8492 13259 17311 33733 41595 51724 28971 11821 14914 25062 13507 7516 11844 34773 41221 27827 33999 14555 
0.0883883
50450 31879 20155 33017 61326 15268 36557 34214 44483 29989 27745 7533 24085 27594 67559 69581 85771 29300 91528 89292 30512 55053 41118 37737 137022 71880 104373 32636 26072 82576 16206 74708 62640 21097 93323 43496 44920 13511 54737 26995 15079 62837 45122 30881 96484 23780 31098 13482 89152 
